iter	AUC	CrossEntropy
0	0.5942557758	0.6922797317
1	0.6057432232	0.6913965421
2	0.6149551209	0.6905690498
3	0.6182060238	0.6897886163
4	0.6222672273	0.6890255352
5	0.6267127491	0.6882786953
6	0.6272467162	0.6875503832
7	0.6279344178	0.6868684469
8	0.6316280773	0.6861912574
9	0.6336786724	0.6855349494
10	0.6377719039	0.6849068099
11	0.6389430975	0.6842714605
12	0.6404752114	0.6836501244
13	0.6432720826	0.6830682862
14	0.6462591281	0.6824935509
15	0.6467650535	0.6819140713
16	0.6473033177	0.6813569036
17	0.6490849341	0.6808016671
18	0.6492856195	0.6802490983
19	0.6510636741	0.6797340053
20	0.6507278893	0.6792150399
21	0.6527124339	0.6787078353
22	0.6532282516	0.6782029882
23	0.6542434876	0.6777302248
24	0.6539935364	0.6772608167
25	0.6553820123	0.6767931284
26	0.6560123643	0.6763413479
27	0.6559597265	0.6758955865
28	0.6569015012	0.6754712518
29	0.6574695022	0.6750309056
30	0.6581208063	0.6745959676
31	0.6582533522	0.6741765757
32	0.6588458094	0.6737606039
33	0.6587223134	0.6733670171
34	0.6589172239	0.6729717042
35	0.6597567299	0.6725863716
36	0.6603839448	0.6722045705
37	0.6615977043	0.6718308562
38	0.6622035092	0.6714590732
39	0.6631727924	0.6710986884
40	0.6647848351	0.6707458408
41	0.6654813238	0.6703944558
42	0.6659813187	0.6700421618
43	0.6661964648	0.6696967401
44	0.6668916643	0.6693582583
45	0.6670993723	0.6690274407
46	0.6681466994	0.6686864458
47	0.6681655023	0.6683571196
48	0.6694186561	0.6680398793
49	0.6697833159	0.6677143145
50	0.6702291119	0.6673965704
51	0.6713490834	0.6670918722
52	0.6710606759	0.6667837272
53	0.6709120347	0.6664844475
54	0.6714599411	0.6661847323
55	0.6721186737	0.665888722
56	0.6727797495	0.6655963346
57	0.6732809327	0.6653129932
58	0.6739091105	0.6650208191
59	0.6739324128	0.6647391035
60	0.674033876	0.6644667146
61	0.674114998	0.6641835636
62	0.6748625682	0.6639036864
63	0.6756711326	0.6636441726
64	0.6761355483	0.6633715243
65	0.67668139	0.6631078691
66	0.677437333	0.6628516929
67	0.6782249741	0.6625830683
68	0.6787078909	0.662324141
69	0.6786944237	0.6620677988
70	0.6791781784	0.6618119384
71	0.6798416265	0.6615609212
72	0.6799003411	0.6613069865
73	0.6805666546	0.6610620358
74	0.6813121506	0.6608208038
75	0.6814282631	0.660580885
76	0.6820149555	0.6603384205
77	0.6823096859	0.6601029595
78	0.6828156869	0.6598716407
79	0.6834839529	0.6596419927
80	0.6838050751	0.6594086595
81	0.6842753243	0.6591799157
82	0.6846459208	0.6589514868
83	0.6846175231	0.6587195686
84	0.6850656588	0.6585028502
85	0.6854810942	0.6582874524
86	0.6856828622	0.6580685123
87	0.6862245938	0.657856687
88	0.6866565127	0.657636836
89	0.6870743421	0.6574267053
90	0.687157861	0.6572132092
91	0.6871949775	0.6570024159
92	0.6874156161	0.6567988061
93	0.68811019	0.656593619
94	0.6882798344	0.6563898869
95	0.6886870152	0.6561860707
96	0.6887879952	0.6559837915
97	0.6890203577	0.655786082
98	0.6891117515	0.6555875861
99	0.6895355232	0.6553888536
100	0.6896652483	0.6552010038
101	0.6899970995	0.6550047496
102	0.6904103134	0.6548185375
103	0.6907105379	0.6546250074
104	0.6912218854	0.6544420654
105	0.6914600193	0.6542530953
106	0.691905643	0.654071142
107	0.6922300017	0.6538832051
108	0.692473806	0.6537065444
109	0.692782132	0.6535225028
110	0.6929997096	0.6533485095
111	0.6933421402	0.6531635928
112	0.6935645527	0.6529828048
113	0.6936805658	0.6528043353
114	0.6939099263	0.6526301337
115	0.6939312176	0.6524535471
116	0.69411827	0.6522823888
117	0.6941131779	0.6521132838
118	0.6941135864	0.6519473343
119	0.6944465882	0.6517770409
120	0.6947151167	0.6516140304
121	0.6951750105	0.6514539005
122	0.6954917972	0.651290107
123	0.6957851882	0.6511328033
124	0.6962685329	0.6509748857
125	0.696436614	0.6508193856
126	0.69667988	0.6506589821
127	0.6968803845	0.650503603
128	0.6971439251	0.6503438919
129	0.6975194696	0.6501876018
130	0.6977301828	0.6500241154
131	0.6979983849	0.6498701544
132	0.6982574675	0.6497188559
133	0.6985814255	0.6495691245
134	0.6989410872	0.6494182271
135	0.6990196389	0.6492719846
136	0.6993080662	0.6491292171
137	0.6995666663	0.6489819529
138	0.699644695	0.6488395802
139	0.69954422	0.6486908554
140	0.6998136726	0.6485478867
141	0.7000308726	0.6484061607
142	0.7001127473	0.6482609103
143	0.7002125088	0.6481178302
144	0.7005158197	0.6479813168
145	0.7007445235	0.647840527
146	0.7010857592	0.6477004606
147	0.7012390587	0.6475618377
148	0.7012635968	0.6474217144
149	0.7015218535	0.6472881282
150	0.7015447666	0.6471515379
151	0.7018173242	0.647016167
152	0.7020943446	0.6468862867
153	0.7021496771	0.6467527092
154	0.7022495831	0.6466178491
155	0.7022889399	0.6464907119
156	0.7024513664	0.6463593519
157	0.7026832638	0.6462296799
158	0.7028755432	0.6461021874
159	0.7030225286	0.6459764203
160	0.7032570172	0.6458521992
161	0.7034200648	0.6457249348
162	0.7037437649	0.6456012339
163	0.7036721489	0.6454778419
164	0.7039053172	0.6453587043
165	0.7040314579	0.6452341151
166	0.7040583846	0.6451046267
167	0.7041950827	0.6449878018
168	0.7044447789	0.6448669709
169	0.7045037034	0.6447448449
170	0.7045552333	0.6446277629
171	0.7046436127	0.6445104032
172	0.7049205471	0.6443913763
173	0.7049089077	0.6442720191
174	0.7050050344	0.6441527156
175	0.7052498973	0.6440330352
176	0.7053243522	0.6439172289
177	0.7054169166	0.6438012096
178	0.7056739401	0.6436866394
179	0.7058424788	0.6435719971
180	0.7059803195	0.6434590911
181	0.706114217	0.6433484334
182	0.7062883961	0.6432378915
183	0.7064328306	0.6431279013
184	0.7064738301	0.643016592
185	0.7065341131	0.6429046974
186	0.7066021203	0.6427980814
187	0.706797065	0.6426897092
188	0.7069083158	0.6425838748
189	0.7071444509	0.6424799192
190	0.7074370523	0.6423758781
191	0.7076179694	0.642268883
192	0.7078755901	0.6421621674
193	0.7079325467	0.6420525504
194	0.7081707278	0.641951673
195	0.7083704485	0.6418443206
196	0.708399501	0.641736069
197	0.7085634513	0.6416354344
198	0.7085842891	0.6415332209
199	0.7087632044	0.6414360641
200	0.7089782182	0.6413368019
201	0.709147458	0.6412413112
202	0.709358234	0.6411409402
203	0.7094349807	0.6410438313
204	0.70965441	0.6409414014
205	0.7097114133	0.6408387761
206	0.7098308242	0.6407400415
207	0.7098249937	0.6406424805
208	0.7098961197	0.640547703
209	0.7100280848	0.6404464869
210	0.7101507163	0.6403533416
211	0.7103038211	0.6402571376
212	0.7103917605	0.6401593123
213	0.7105839216	0.6400661954
214	0.7106992264	0.6399732976
215	0.7109277101	0.6398824722
216	0.7110851705	0.6397905943
217	0.7112907054	0.6396946595
218	0.7114339852	0.6395994888
219	0.7116248636	0.6395104583
220	0.7118050469	0.6394173662
221	0.7118850894	0.6393253162
222	0.7118820131	0.6392283435
223	0.7120087482	0.63913752
224	0.7120602517	0.6390479837
225	0.7122208046	0.6389590729
226	0.712313003	0.6388678858
227	0.7124292628	0.6387791291
228	0.7124923895	0.6386913943
229	0.7125707935	0.6386020512
230	0.7126587402	0.6385159903
231	0.7128543858	0.6384320583
232	0.7129745619	0.6383527139
233	0.713143201	0.6382684971
234	0.7131755016	0.6381811649
235	0.7132062083	0.6380910022
236	0.7132305788	0.6380062411
237	0.7134247863	0.6379245212
238	0.7136162277	0.6378449569
239	0.7136691015	0.6377605433
240	0.7137886252	0.6376733959
241	0.7138460345	0.6375871035
242	0.7139477197	0.6375048869
243	0.7140137911	0.637420809
244	0.7140073221	0.6373361483
245	0.7139653148	0.6372536019
246	0.7140415853	0.6371717945
247	0.7141210556	0.6370962634
248	0.7141349469	0.6370140973
249	0.714195101	0.6369331036
250	0.7142970948	0.6368542851
251	0.7144402911	0.6367752673
252	0.7145753165	0.6366992669
253	0.7146481965	0.6366250505
254	0.7147477015	0.6365486834
255	0.7148588182	0.636470879
256	0.7149903662	0.6363918424
257	0.7150717021	0.6363131981
258	0.7152039291	0.636235547
259	0.7153429686	0.6361574709
260	0.7154486503	0.6360809017
261	0.7155819271	0.6360055969
262	0.715645368	0.6359299326
263	0.7157138212	0.63585412
264	0.7157622396	0.6357753167
265	0.7158201437	0.6357032331
266	0.715936623	0.6356304343
267	0.7160768794	0.6355603699
268	0.7161571465	0.6354850269
269	0.7162697676	0.6354154644
270	0.7164212599	0.635339053
271	0.7164496315	0.6352679952
272	0.7165847743	0.6351958713
273	0.7167007709	0.6351237395
274	0.7167643521	0.6350519428
275	0.716853858	0.6349809814
276	0.7169127215	0.6349101578
277	0.7170116274	0.6348452635
278	0.7170942567	0.634770127
279	0.7172010887	0.6346958433
280	0.7172980352	0.6346267027
281	0.717286803	0.6345598444
282	0.717407578	0.6344913313
283	0.7175058049	0.6344224754
284	0.7175942758	0.634355222
285	0.7176673856	0.6342838958
286	0.717721129	0.6342163853
287	0.7177636174	0.6341484726
288	0.7178208823	0.6340818052
289	0.7179289918	0.6340155692
290	0.7179686384	0.6339459943
291	0.7180822263	0.6338790236
292	0.7182312002	0.6338139777
293	0.7183518878	0.6337439817
294	0.7184819763	0.6336825839
295	0.7185078736	0.6336173744
296	0.7185449599	0.6335542895
297	0.7186512238	0.6334920961
298	0.7186903748	0.6334251668
299	0.7186420518	0.6333609039
300	0.7186475997	0.6332933788
301	0.7186898371	0.6332291272
302	0.7187723871	0.6331661796
303	0.7188145387	0.633102855
304	0.7188871744	0.6330382419
305	0.7189615065	0.6329740924
306	0.7190374757	0.6329124555
307	0.7191655028	0.6328504981
308	0.7191916672	0.6327888087
309	0.7192202185	0.6327291145
310	0.7193159475	0.6326668246
311	0.7193972012	0.6326065195
312	0.7194036362	0.6325444158
313	0.7194743921	0.6324850225
314	0.7195877074	0.632425372
315	0.7196970617	0.6323677581
316	0.7197304117	0.6323071369
317	0.7198381745	0.6322484526
318	0.7198745232	0.6321885764
319	0.7199480461	0.6321295836
320	0.7200512048	0.6320736
321	0.7201485998	0.6320136386
322	0.7201760295	0.631953883
323	0.7202643432	0.6318963499
324	0.720366547	0.6318362887
325	0.7203996622	0.6317775671
326	0.720494652	0.6317215897
327	0.7206018161	0.6316667958
328	0.7207177029	0.6316113632
329	0.7207384929	0.6315549568
330	0.7208337865	0.631496982
331	0.7209337609	0.631442311
332	0.7210012917	0.6313849434
333	0.7210469568	0.6313255006
334	0.7210800838	0.6312683162
335	0.7210634855	0.6312121617
336	0.7210823866	0.6311569108
337	0.7211753658	0.6311031216
338	0.7212603783	0.6310448401
339	0.721338099	0.6309898935
340	0.7213850987	0.6309358723
341	0.7214464868	0.6308811606
342	0.7214779612	0.6308264816
343	0.7215662823	0.630771423
344	0.7216037309	0.630716385
345	0.7216565961	0.6306604044
346	0.7217527468	0.6306056077
347	0.7218051864	0.6305533329
348	0.7218572091	0.630500114
349	0.7219663835	0.6304474226
350	0.7220119924	0.6303941943
351	0.722029016	0.6303408355
352	0.722079582	0.6302875208
353	0.7221381274	0.6302323194
354	0.722197853	0.6301807166
355	0.7222765935	0.6301277764
356	0.722368882	0.6300774642
357	0.7224419928	0.6300240142
358	0.7224777096	0.6299723489
359	0.722562891	0.6299190326
360	0.7226154868	0.6298695415
361	0.7227141222	0.6298179492
362	0.7227719529	0.6297660967
363	0.7228473929	0.6297125682
364	0.7228877529	0.6296617121
365	0.7229334558	0.6296107878
366	0.7229772795	0.6295588102
367	0.7230302363	0.6295087339
368	0.723061584	0.6294580112
369	0.7231430143	0.6294104421
370	0.7232413255	0.6293604078
371	0.7232760875	0.6293116251
372	0.7233125566	0.6292637084
373	0.7233879709	0.6292164839
374	0.7233918486	0.6291655571
375	0.7234728221	0.6291165363
376	0.7235012586	0.6290691043
377	0.7236024492	0.6290222141
378	0.7236369018	0.628973105
379	0.7236788337	0.6289215455
380	0.7237265847	0.628874056
381	0.7238098967	0.6288264535
382	0.7238367206	0.6287781563
383	0.7238795216	0.6287283088
384	0.7239307282	0.62868001
385	0.7239532301	0.6286315029
386	0.7239932817	0.6285817525
387	0.7240693974	0.6285352069
388	0.724104462	0.6284897258
389	0.724193878	0.62844278
390	0.7242508822	0.6283958308
391	0.7242157419	0.6283483465
392	0.7243048905	0.6283021628
393	0.7243365135	0.6282581399
394	0.7244270002	0.6282124826
395	0.7244987356	0.6281680215
396	0.7245984081	0.6281235229
397	0.7246119985	0.6280766899
398	0.724673691	0.6280314863
399	0.7246728948	0.6279866942
400	0.7247378523	0.6279412206
401	0.7248178419	0.6278962231
402	0.724878544	0.6278511598
403	0.7249253125	0.6278078588
404	0.7249886207	0.6277639035
405	0.7250291154	0.6277204643
406	0.725066974	0.6276768881
407	0.7251306203	0.6276335273
408	0.7251720879	0.6275911171
409	0.7251792433	0.6275466577
410	0.7252424174	0.627501292
411	0.7253230561	0.6274572575
412	0.7253834698	0.627415159
413	0.7254006659	0.6273724257
414	0.725452098	0.6273295301
415	0.7254935762	0.6272869866
416	0.725560323	0.6272402765
417	0.7256291691	0.6271985021
418	0.7256857533	0.6271558252
419	0.7257447346	0.6271139166
420	0.7257885522	0.6270711639
421	0.7258349208	0.6270288597
422	0.7258612725	0.6269857897
423	0.7259121405	0.626944695
424	0.7259448392	0.6269031999
425	0.7259989941	0.6268615907
426	0.7260495971	0.6268205028
427	0.7260992183	0.6267782927
428	0.7261403269	0.6267365705
429	0.7261656092	0.6266943193
430	0.7261939794	0.6266543635
431	0.7262611889	0.6266122496
432	0.7262892106	0.6265708651
433	0.7263246905	0.6265291579
434	0.7263657516	0.626488004
435	0.7264079744	0.626447286
436	0.7264494203	0.6264065804
437	0.7265241576	0.6263658218
438	0.7265813859	0.6263254144
439	0.7266227318	0.626286204
440	0.726692752	0.6262456461
441	0.7267709956	0.6262050653
442	0.7267951543	0.6261642995
443	0.7268478907	0.6261246598
444	0.7268968046	0.6260866954
445	0.7269420327	0.6260466067
446	0.7270005649	0.6260070481
447	0.7270295518	0.6259671976
448	0.7270636226	0.6259263322
449	0.7271123428	0.6258882669
450	0.7271674015	0.6258499088
451	0.7271628729	0.6258121767
452	0.7271941122	0.6257736733
453	0.727217062	0.6257348214
454	0.7272685235	0.625695966
455	0.7273228359	0.6256584783
456	0.727383552	0.6256203873
457	0.727408956	0.6255808409
458	0.7274443959	0.6255429762
459	0.7275003247	0.6255038941
460	0.7275524501	0.6254652512
461	0.7276222799	0.6254261804
462	0.727666029	0.6253873342
463	0.7276996588	0.6253500753
464	0.7277560503	0.6253144175
465	0.7278070068	0.6252768452
466	0.727880492	0.6252396881
467	0.7279189805	0.625203027
468	0.7279502767	0.6251676913
469	0.72797352	0.6251303297
470	0.7280380953	0.6250927027
471	0.728055277	0.6250554341
472	0.7281037254	0.6250195937
473	0.7281425742	0.6249831372
474	0.7282070616	0.6249461807
475	0.7282699502	0.6249104394
476	0.7283188264	0.6248741862
477	0.7283569116	0.6248373431
478	0.7284207908	0.6248019562
479	0.7284421726	0.6247642625
480	0.7285134183	0.6247292556
481	0.728522107	0.6246922311
482	0.7285544991	0.6246569764
483	0.7285970156	0.6246209927
484	0.7286412109	0.6245858135
485	0.7286494836	0.6245505322
486	0.7286904879	0.6245136131
487	0.7287111105	0.6244784374
488	0.7287351937	0.6244423163
489	0.7287859265	0.6244068084
490	0.7288358236	0.6243712603
491	0.7288461008	0.6243376183
492	0.7289121557	0.6243020411
493	0.7289339324	0.6242667508
494	0.7289709284	0.6242318559
495	0.7289774404	0.6241973043
496	0.7290169893	0.6241629935
497	0.7290835423	0.6241287262
498	0.7291174131	0.6240935834
499	0.7291545707	0.624058765
500	0.7291899651	0.6240245019
501	0.7292004899	0.623990442
502	0.7292596144	0.6239564173
503	0.7293147842	0.6239218723
504	0.7293535171	0.6238886018
505	0.7293921602	0.6238548994
506	0.7294331868	0.6238197707
507	0.7294970479	0.6237868588
508	0.7295412216	0.623752995
509	0.7295562724	0.6237197739
510	0.7295929237	0.6236858166
511	0.7296499982	0.6236528177
512	0.7296840926	0.6236195541
513	0.7297077035	0.623586803
514	0.7297152778	0.6235541642
515	0.7297512837	0.6235222249
516	0.7297907823	0.6234896954
517	0.7298220212	0.6234574163
518	0.7298584612	0.6234249351
519	0.7298744151	0.6233920356
520	0.7298984645	0.6233596639
521	0.729920254	0.6233275438
522	0.7299389054	0.6232949133
523	0.7299791901	0.6232629234
524	0.7300297364	0.6232318481
525	0.7300749902	0.6232004881
526	0.7301262568	0.623168461
527	0.7301593412	0.6231367852
528	0.7302075392	0.6231056852
529	0.7302156676	0.623073188
530	0.7302739201	0.6230413246
531	0.7303376446	0.6230104247
532	0.7303857881	0.622978544
533	0.7304041129	0.6229469045
534	0.7304117536	0.6229158019
535	0.7304641622	0.6228843605
536	0.7304969002	0.6228525712
537	0.7305414117	0.6228206155
538	0.7305697089	0.6227911318
539	0.7306031993	0.6227604589
540	0.7305813303	0.6227287307
541	0.73059337	0.6226985984
542	0.7306499765	0.6226681567
543	0.730688298	0.622637205
544	0.7307205209	0.6226074062
545	0.7307712393	0.6225774616
546	0.7308166598	0.6225477898
547	0.730857355	0.6225180481
548	0.7308629488	0.6224877748
549	0.7308836766	0.622456461
550	0.7309221595	0.6224261302
551	0.7309267663	0.6223959181
552	0.7308908732	0.6223646519
553	0.7309224639	0.6223341865
554	0.7309595584	0.6223040966
555	0.7310002389	0.62227466
556	0.7310336693	0.6222466414
557	0.731061116	0.6222181185
558	0.7310724238	0.6221889672
559	0.7311245264	0.6221602667
560	0.7311407376	0.6221317653
561	0.7311770593	0.6221020926
562	0.7312062727	0.6220734611
563	0.7312503778	0.6220445626
564	0.7312705517	0.622015283
565	0.7313219078	0.6219866144
566	0.7313489652	0.6219576924
567	0.7313942182	0.6219291407
568	0.7314258766	0.6219003733
569	0.7314782716	0.6218724582
570	0.7315017411	0.6218441914
571	0.7315213736	0.6218162167
572	0.7315396487	0.6217874062
573	0.7315737576	0.6217592593
574	0.7316114397	0.6217316216
575	0.7316398804	0.6217039707
576	0.7316691814	0.621675773
577	0.7316995408	0.6216487609
578	0.7317257646	0.6216220801
579	0.7317616858	0.6215937612
580	0.7317833784	0.6215667086
581	0.7318207275	0.6215398502
582	0.7318510449	0.6215128653
583	0.7318420102	0.6214840981
584	0.731867252	0.6214568319
585	0.7319142021	0.6214304683
586	0.7319398858	0.6214032028
587	0.7319541496	0.6213772929
588	0.7319841358	0.621350201
589	0.7320243909	0.6213235958
590	0.7320339737	0.6212966216
591	0.732075771	0.6212704185
592	0.7321059653	0.6212429665
593	0.7321169338	0.6212162582
594	0.7321498588	0.6211892644
595	0.7321631973	0.6211626402
596	0.7321946347	0.6211364125
597	0.7322190983	0.6211103375
598	0.7322446966	0.6210835412
599	0.7322755928	0.6210570268
600	0.7322959794	0.6210311604
601	0.732299589	0.6210059228
602	0.7323356564	0.6209800079
603	0.7323735456	0.6209540077
604	0.7324066325	0.6209282475
605	0.7324168152	0.62090234
606	0.7324549196	0.6208765581
607	0.7324703468	0.6208507291
608	0.7325148599	0.620824853
609	0.7325443826	0.6207996439
610	0.7325691625	0.6207737023
611	0.7325806183	0.6207481031
612	0.732598207	0.6207227673
613	0.7326296515	0.6206970811
614	0.7326614957	0.6206719432
615	0.7326599267	0.6206471508
616	0.7327046826	0.6206224709
617	0.7327392207	0.6205976407
618	0.7327498138	0.6205724536
619	0.7327600011	0.6205483277
620	0.7327977279	0.6205233148
621	0.7328146332	0.6204991653
622	0.7328429045	0.6204747104
623	0.7328661484	0.6204499063
624	0.73287544	0.6204255338
625	0.7329056764	0.6204023097
626	0.7329189065	0.6203785349
627	0.7329365086	0.6203547272
628	0.7329539202	0.6203304414
629	0.7329990301	0.6203068159
630	0.7330172355	0.6202819554
631	0.7330342631	0.6202583901
632	0.7330517569	0.620233842
633	0.7330742821	0.6202093682
634	0.7331052166	0.620185868
635	0.7331229765	0.6201611265
636	0.7331593855	0.6201374512
637	0.7331923976	0.620114583
638	0.7332200808	0.6200907523
639	0.7332595938	0.6200677212
640	0.7332690722	0.6200441267
641	0.73328072	0.6200200348
642	0.733303027	0.6199962144
643	0.733336553	0.6199722549
644	0.7333642673	0.6199491832
645	0.7333835883	0.6199266303
646	0.7334114925	0.6199029855
647	0.7334176092	0.6198799166
648	0.7334527716	0.6198567477
649	0.7334748979	0.6198337682
650	0.733484485	0.6198106862
651	0.7335123064	0.6197877786
652	0.7335467885	0.6197652595
653	0.7335467854	0.6197414454
654	0.7335692213	0.6197191015
655	0.733594836	0.6196962189
656	0.7336208422	0.6196745906
657	0.7336538707	0.6196519874
658	0.7336867302	0.6196290242
659	0.7337140178	0.6196064829
660	0.7337389869	0.6195834744
661	0.7337723636	0.6195611927
662	0.7337566793	0.6195375875
663	0.733769929	0.6195159949
664	0.7337893333	0.619493667
665	0.7338225174	0.6194722428
666	0.733846757	0.619450126
667	0.7338739795	0.6194280377
668	0.7338934167	0.6194058188
669	0.7339089781	0.6193842907
670	0.7339262091	0.6193627035
671	0.7339474018	0.6193412345
672	0.7339713903	0.61932079
673	0.733960978	0.6192996616
674	0.7339814514	0.6192774302
675	0.7340050109	0.6192555893
676	0.7340044503	0.6192339174
677	0.7340277779	0.6192126798
678	0.7340589551	0.6191920748
679	0.734077691	0.6191706962
680	0.7341045346	0.6191487435
681	0.7341235287	0.6191283384
682	0.7341308971	0.6191063567
683	0.7341541132	0.6190852544
684	0.7341820725	0.6190638296
685	0.7341979765	0.619042714
686	0.7342175984	0.6190210712
687	0.7342184896	0.6190011117
688	0.7342478975	0.6189805915
689	0.7342756172	0.6189605984
690	0.7342909036	0.6189403684
691	0.7342984622	0.6189191965
692	0.7343237834	0.6188983815
693	0.7343492466	0.6188783259
694	0.7343461113	0.6188581366
695	0.7343635658	0.618837166
696	0.7344008791	0.6188162444
697	0.7344175871	0.6187954222
698	0.7344356322	0.6187752129
699	0.7344486299	0.6187545214
700	0.7344720622	0.6187347079
701	0.7344884866	0.6187145531
702	0.7344952062	0.6186940377
703	0.7344999168	0.6186745281
704	0.7345282921	0.6186547455
705	0.7345491919	0.6186351188
706	0.7345529722	0.6186151489
707	0.7345822921	0.6185956289
708	0.7345956221	0.6185763715
709	0.7346122202	0.6185577455
710	0.7346378015	0.6185386433
711	0.7346550374	0.6185186481
712	0.7346670496	0.6184990981
713	0.7346939862	0.6184794999
714	0.7347133247	0.6184588326
715	0.7347184982	0.6184381471
716	0.7347454429	0.6184176499
717	0.7347690258	0.6183979937
718	0.7348034284	0.618378344
719	0.7348342522	0.6183586688
720	0.7348590715	0.6183400361
721	0.7348747232	0.6183205742
722	0.7348768442	0.6183021636
723	0.7348975485	0.6182828792
724	0.7349184764	0.6182640265
725	0.7349403623	0.6182451401
726	0.7349626866	0.6182262053
727	0.7349877628	0.6182067644
728	0.734996195	0.6181876769
729	0.7350176398	0.6181685121
730	0.7350339343	0.6181496509
731	0.7350530622	0.6181304968
732	0.7350716462	0.6181119519
733	0.7350975002	0.6180928488
734	0.7351097495	0.6180744113
735	0.735142171	0.6180554418
736	0.7351590449	0.6180370173
737	0.7351706119	0.618018745
738	0.7351878629	0.6180001751
739	0.7352046356	0.6179821647
740	0.7352225784	0.6179641102
741	0.7352499178	0.6179454446
742	0.7352725856	0.6179275404
743	0.7352915241	0.6179092867
744	0.7352928438	0.617890711
745	0.7353026213	0.6178728497
746	0.7353263259	0.6178548656
747	0.7353268794	0.6178363999
748	0.7353513855	0.6178184988
749	0.7353806647	0.617800837
750	0.7354056	0.6177829025
751	0.7354218323	0.6177660299
752	0.735422175	0.6177490512
753	0.7354441806	0.6177306955
754	0.7354642693	0.6177130448
755	0.7354552021	0.6176942684
756	0.7354723506	0.6176760213
757	0.7354769196	0.6176589896
758	0.735482605	0.6176412786
759	0.7354897461	0.6176239232
760	0.7355111826	0.6176070353
761	0.7355090348	0.6175898257
762	0.735529164	0.6175722367
763	0.7355319602	0.6175543174
764	0.7355497121	0.6175369582
765	0.7355734719	0.6175198844
766	0.7355907803	0.6175022194
767	0.7356141557	0.617485231
768	0.735638313	0.6174678828
769	0.7356309616	0.6174502934
770	0.7356555539	0.6174328643
771	0.735662235	0.6174159192
772	0.73568557	0.6173990144
773	0.7357104349	0.6173825022
774	0.7357214871	0.6173651319
775	0.7357430471	0.6173487771
776	0.7357646106	0.6173320053
777	0.735781655	0.6173157262
778	0.7358019521	0.6172996709
779	0.7358252988	0.6172831247
780	0.735841566	0.6172662631
781	0.735852246	0.6172489775
782	0.7358532392	0.617232298
783	0.7358693567	0.617216203
784	0.7358849364	0.6171993623
785	0.7358890697	0.6171828841
786	0.7359152433	0.6171667076
787	0.7359331755	0.6171502535
788	0.7359532814	0.6171340036
789	0.7359682183	0.6171179966
790	0.7359778205	0.6171013062
791	0.7359984958	0.6170848054
792	0.7360098051	0.6170681956
793	0.7360098844	0.6170518201
794	0.7360238907	0.61703581
795	0.7360369185	0.6170199238
796	0.7360529433	0.6170034801
797	0.7360740333	0.6169871072
798	0.7360928733	0.6169711219
799	0.7360934572	0.6169547524
800	0.7361122545	0.6169387685
801	0.7361176385	0.6169220964
802	0.7361352281	0.6169066197
803	0.7361540843	0.6168905957
804	0.7361766821	0.6168748228
805	0.7361858464	0.616859048
806	0.7361895263	0.6168427794
807	0.7362015222	0.6168271064
808	0.7362179519	0.6168115516
809	0.7362451868	0.6167954098
810	0.7362638731	0.6167802625
811	0.7362804058	0.6167641295
812	0.7363000506	0.6167483208
813	0.7363171439	0.6167330687
814	0.7363409165	0.6167169285
815	0.7363647039	0.6167022967
816	0.7363764754	0.6166869267
817	0.7363946015	0.6166709639
818	0.7364078735	0.6166559385
819	0.7364140449	0.6166408843
820	0.7364168335	0.6166255568
821	0.7364323494	0.6166101561
822	0.7364511961	0.6165956641
823	0.7364578851	0.6165801417
824	0.7364749279	0.6165646865
825	0.7364896424	0.6165491516
826	0.7365024789	0.6165339728
827	0.7365235785	0.6165184718
828	0.7365276245	0.6165036985
829	0.7365448755	0.616488592
830	0.7365574169	0.6164738872
831	0.7365609684	0.6164588596
832	0.7365732759	0.6164441794
833	0.7365805514	0.616429264
834	0.7365988528	0.6164138648
835	0.7366188401	0.6163994474
836	0.7366378604	0.616384768
837	0.7366503248	0.6163696229
838	0.736666746	0.6163547105
839	0.7366708254	0.6163402438
840	0.7366681678	0.6163249678
841	0.736677234	0.6163100041
842	0.7366828365	0.6162951951
843	0.7366996064	0.6162802645
844	0.7367036487	0.6162663765
845	0.7367185926	0.6162529802
846	0.7367290792	0.6162391479
847	0.7367418566	0.6162244558
848	0.7367531387	0.6162098397
849	0.7367634656	0.6161947109
850	0.7367764496	0.6161799428
851	0.7367810049	0.616164984
852	0.7368026087	0.6161512729
853	0.7368217027	0.61613696
854	0.736829311	0.6161226519
855	0.7368467359	0.6161080574
856	0.7368572846	0.6160934478
857	0.7368636588	0.6160797196
858	0.7368713358	0.6160655792
859	0.7368834186	0.6160520185
860	0.7369006202	0.6160384443
861	0.7369151397	0.6160245784
862	0.7369370505	0.6160101669
863	0.736956693	0.6159967407
864	0.7369710444	0.6159835185
865	0.7369755467	0.6159690242
866	0.7369930328	0.6159551834
867	0.7370055436	0.6159414373
868	0.7370259023	0.6159276677
869	0.7370434033	0.6159136703
870	0.7370491784	0.6159004898
871	0.737057185	0.615886709
872	0.7370661017	0.6158728453
873	0.7370680857	0.6158592887
874	0.7370901381	0.6158457274
875	0.7371085575	0.6158315301
876	0.7371052325	0.6158179978
877	0.7371207493	0.615804228
878	0.7371374061	0.6157905175
879	0.7371483032	0.6157769585
880	0.7371635376	0.6157629534
881	0.7371795665	0.6157500767
882	0.7371941327	0.6157361016
883	0.7372087619	0.6157227784
884	0.7372250056	0.6157090081
885	0.7372361384	0.6156957829
886	0.7372548799	0.6156828554
887	0.7372700828	0.6156693157
888	0.7372795468	0.6156558285
889	0.7373000866	0.6156425741
890	0.7373063061	0.6156292137
891	0.7373148439	0.615616737
892	0.7373281674	0.615603872
893	0.7373474432	0.6155907071
894	0.7373659802	0.6155771387
895	0.7373774201	0.6155636368
896	0.7373800799	0.615550325
897	0.7373937378	0.6155372492
898	0.7374023934	0.6155242132
899	0.737405938	0.6155100375
900	0.7374194003	0.6154976588
901	0.7374309531	0.6154841926
902	0.7374505189	0.6154715421
903	0.7374673454	0.6154592937
904	0.7374695981	0.6154459738
905	0.7374864991	0.6154329548
906	0.7375055739	0.6154202742
907	0.7375156011	0.615408037
908	0.7375233834	0.6153958557
909	0.737528644	0.6153832424
910	0.7375328869	0.6153709743
911	0.7375453811	0.6153589259
912	0.7375596663	0.6153466136
913	0.7375758043	0.6153341697
914	0.7375872106	0.6153214474
915	0.7375930648	0.615308768
916	0.7375959198	0.6152966825
917	0.7376047115	0.6152848384
918	0.737615109	0.6152721471
919	0.7376325054	0.6152595749
920	0.7376367639	0.6152472454
921	0.7376442135	0.61523504
922	0.7376561328	0.6152225432
923	0.7376740341	0.615210421
924	0.7376861962	0.6151978056
925	0.7377018922	0.6151858233
926	0.7376880368	0.6151731431
927	0.7377068523	0.6151606596
928	0.7377110324	0.6151482296
929	0.737721984	0.6151362005
930	0.7377361101	0.6151241982
931	0.7377457332	0.6151120029
932	0.7377548164	0.6151003947
933	0.7377600649	0.6150889309
934	0.7377643118	0.6150763999
935	0.737776843	0.615064459
936	0.7377881545	0.6150525017
937	0.7377986883	0.6150402894
938	0.7378125191	0.6150289417
939	0.7378296832	0.6150167739
940	0.7378364859	0.6150048629
941	0.7378494995	0.6149939105
942	0.7378628772	0.6149822365
943	0.7378713491	0.6149707828
944	0.7378874652	0.6149591693
945	0.7379039765	0.6149475638
946	0.7379139809	0.6149363389
947	0.7379297085	0.6149249837
948	0.7379405522	0.6149130029
949	0.7379481228	0.6149017739
950	0.7379634588	0.6148907877
951	0.7379731731	0.6148794335
952	0.7379857912	0.6148677662
953	0.7379946756	0.6148560135
954	0.7379993809	0.6148447091
955	0.7380103582	0.6148333304
956	0.7380220302	0.6148216703
957	0.7380362763	0.6148108855
958	0.7380349463	0.6148002853
959	0.7380444714	0.6147894435
960	0.7380560038	0.614778887
961	0.7380715759	0.6147667763
962	0.738082342	0.6147553037
963	0.7380912703	0.6147442376
964	0.7381030277	0.6147329175
965	0.7381145145	0.6147216775
966	0.738129404	0.6147105082
967	0.7381289377	0.614698664
968	0.7381406589	0.6146867843
969	0.7381456352	0.6146759839
970	0.7381485262	0.6146642621
971	0.7381574515	0.6146533858
972	0.7381658733	0.6146416339
973	0.738175746	0.6146308307
974	0.7381793433	0.6146198259
975	0.7381832908	0.6146090748
976	0.7381916517	0.6145982425
977	0.7381968187	0.6145864304
978	0.7382115726	0.6145752191
979	0.7382269813	0.6145645213
980	0.7382334664	0.6145538209
981	0.7382456315	0.6145427883
982	0.7382605589	0.6145317345
983	0.7382729336	0.6145208461
984	0.7382804609	0.6145102017
985	0.7382939293	0.6144994737
986	0.7382951773	0.6144880654
987	0.7383069443	0.6144770713
988	0.7383101349	0.6144658873
989	0.7383133104	0.614455527
990	0.7383263608	0.6144448996
991	0.7383378839	0.6144341268
992	0.7383522845	0.6144233464
993	0.738356119	0.6144124347
994	0.738362827	0.6144021882
995	0.7383706528	0.6143920747
996	0.7383670995	0.6143814316
997	0.7383807946	0.6143710267
998	0.738378672	0.6143610092
999	0.7383855938	0.6143494966
1000	0.7383960357	0.6143392515
1001	0.7383950719	0.6143287479
1002	0.7384067666	0.6143185605
1003	0.7384195011	0.6143078395
1004	0.7384274805	0.6142973509
1005	0.7384361264	0.6142869338
1006	0.738443225	0.6142769831
1007	0.7384533105	0.6142669675
1008	0.7384593767	0.6142566186
1009	0.7384646606	0.6142458506
1010	0.7384754186	0.6142356199
1011	0.7384822882	0.6142258875
1012	0.7384880536	0.6142163656
1013	0.7384976486	0.6142063275
1014	0.7385043438	0.6141964169
1015	0.7385171434	0.6141861975
1016	0.7385248544	0.6141765135
1017	0.7385368914	0.6141661311
1018	0.7385494065	0.6141565019
1019	0.7385578931	0.6141463853
1020	0.7385613478	0.6141366868
1021	0.7385645197	0.6141271387
1022	0.7385694338	0.6141169129
1023	0.7385799763	0.614106407
1024	0.7385827392	0.6140964498
1025	0.7385919617	0.6140870259
1026	0.7386004168	0.6140777283
1027	0.7386105329	0.6140674069
1028	0.7386237995	0.6140574117
1029	0.7386314978	0.6140477328
1030	0.7386393641	0.6140384053
1031	0.7386459811	0.614028927
1032	0.738655331	0.614019462
1033	0.738664037	0.6140099349
1034	0.7386743365	0.6140002911
1035	0.7386845934	0.6139906327
1036	0.7386902058	0.6139817324
1037	0.7386962367	0.6139716332
1038	0.738701646	0.6139627366
1039	0.738711794	0.613952865
1040	0.7387196991	0.6139433121
1041	0.7387330673	0.6139333681
1042	0.7387333351	0.6139243188
1043	0.7387335567	0.6139136806
1044	0.7387471463	0.6139041341
1045	0.7387555792	0.6138951064
1046	0.7387643761	0.6138857311
1047	0.738767936	0.6138759406
1048	0.7387723841	0.6138659877
1049	0.7387844339	0.6138567057
1050	0.7387956304	0.6138471061
1051	0.7388041178	0.6138373337
1052	0.7388145563	0.613828125
1053	0.7388264455	0.6138188551
1054	0.7388412638	0.6138093666
1055	0.7388466804	0.6137996359
1056	0.738857794	0.6137904481
1057	0.7388688983	0.6137807106
1058	0.7388711213	0.613770671
1059	0.7388752522	0.6137614489
1060	0.7388870936	0.6137524587
1061	0.73889381	0.6137439778
1062	0.7388961003	0.613734955
1063	0.7389031252	0.6137258311
1064	0.7389130128	0.6137176505
1065	0.7389220632	0.613708547
1066	0.7389327859	0.6136993928
1067	0.7389464501	0.6136901037
1068	0.7389564034	0.6136810026
1069	0.7389622601	0.6136718924
1070	0.7389728047	0.6136626713
1071	0.7389840835	0.6136531202
1072	0.7389904846	0.6136446877
1073	0.7389920236	0.6136359926
1074	0.7389971768	0.6136269495
1075	0.7390104561	0.6136177805
1076	0.7390197608	0.6136089491
1077	0.7390273389	0.6135995232
1078	0.7390312008	0.6135909334
1079	0.7390372239	0.6135814512
1080	0.7390480949	0.6135731937
1081	0.7390578697	0.6135646051
1082	0.7390693675	0.6135550448
1083	0.7390802746	0.6135462176
1084	0.7390882691	0.6135373696
1085	0.7390967176	0.613527732
1086	0.739101785	0.6135193174
1087	0.7391090303	0.6135101022
1088	0.7391202796	0.6135003148
1089	0.7391275069	0.6134912185
1090	0.7391368726	0.6134809793
1091	0.7391458472	0.6134717789
1092	0.7391507117	0.6134631692
1093	0.7391546281	0.6134553044
1094	0.7391578517	0.6134465522
1095	0.7391675851	0.6134380192
1096	0.7391728155	0.6134291965
1097	0.7391816845	0.6134205855
1098	0.7391784468	0.6134113727
1099	0.739181845	0.6134024348
1100	0.7391889557	0.6133940286
1101	0.739195286	0.613385776
1102	0.7392062924	0.6133770692
1103	0.7392138726	0.6133679149
1104	0.7392235474	0.6133586291
1105	0.7392311348	0.6133504652
1106	0.7392435266	0.6133416723
1107	0.7392522923	0.6133326881
1108	0.73926002	0.613324494
1109	0.7392716169	0.6133159742
1110	0.7392674597	0.6133055705
1111	0.7392759056	0.6132966424
1112	0.7392866638	0.6132889134
1113	0.7392929556	0.6132803646
1114	0.7392996768	0.6132723705
1115	0.7392996377	0.6132635575
1116	0.7393099294	0.6132555801
1117	0.7393153895	0.6132465719
1118	0.7393226946	0.6132391148
1119	0.7393206057	0.6132306401
1120	0.7393291781	0.6132227896
1121	0.7393396766	0.6132138983
1122	0.7393449474	0.6132054421
1123	0.7393509115	0.6131969222
1124	0.7393623365	0.6131890691
1125	0.7393688671	0.6131808051
1126	0.7393732588	0.613172233
1127	0.7393793409	0.613163618
1128	0.7393876418	0.6131551183
1129	0.7393937295	0.6131466192
1130	0.7394003911	0.6131382513
1131	0.7394084422	0.6131298663
1132	0.7394185473	0.6131211996
1133	0.7394265763	0.6131130008
1134	0.7394362658	0.6131050673
1135	0.739441909	0.613097166
1136	0.7394504497	0.6130893525
1137	0.739455875	0.6130812133
1138	0.7394649067	0.6130734856
1139	0.7394722922	0.6130655988
1140	0.7394794369	0.6130575914
1141	0.7394850435	0.6130496918
1142	0.739496977	0.6130415117
1143	0.7395015182	0.6130339392
1144	0.7394982501	0.6130255946
1145	0.739504043	0.613017737
1146	0.739513091	0.613010076
1147	0.7395228218	0.6130023316
1148	0.7395277442	0.6129943786
1149	0.7395286431	0.6129862358
1150	0.7395346548	0.6129778425
1151	0.7395425458	0.6129702441
1152	0.7395514968	0.612962662
1153	0.7395619824	0.6129546898
1154	0.7395725717	0.6129467568
1155	0.7395779189	0.6129387339
1156	0.7395863151	0.6129313136
1157	0.7395964168	0.6129234775
1158	0.7396071919	0.6129152876
1159	0.7396141102	0.6129074297
1160	0.7396216739	0.6128995466
1161	0.73962337	0.6128915669
1162	0.7396325209	0.6128832964
1163	0.7396419237	0.6128757932
1164	0.7396484587	0.6128681855
1165	0.739653777	0.6128606491
1166	0.739657566	0.6128528391
1167	0.7396620285	0.6128450234
1168	0.7396724402	0.6128373252
1169	0.7396797858	0.6128295119
1170	0.7396876274	0.6128220608
1171	0.7396889702	0.6128137705
1172	0.7396942775	0.6128058971
1173	0.7397023577	0.6127982964
1174	0.7397033332	0.6127901221
1175	0.7397038058	0.6127829125
1176	0.7397094692	0.6127752928
1177	0.7397171094	0.6127681108
1178	0.7397264676	0.6127605383
1179	0.7397307052	0.6127540078
1180	0.7397394836	0.6127468483
1181	0.7397374078	0.6127381861
1182	0.7397445726	0.6127305411
1183	0.7397514219	0.61272332
1184	0.7397548721	0.6127159149
1185	0.7397566766	0.612708469
1186	0.7397604944	0.6127006004
1187	0.7397716613	0.612693213
1188	0.7397822956	0.6126857325
1189	0.739788082	0.6126785361
1190	0.7397938176	0.6126706368
1191	0.739801781	0.6126630084
1192	0.7398054095	0.6126556983
1193	0.7398087696	0.6126483128
1194	0.7398139308	0.6126405596
1195	0.7398203716	0.6126331744
1196	0.7398290233	0.6126256082
1197	0.7398341244	0.6126184567
1198	0.7398407101	0.6126117158
1199	0.7398450753	0.6126046319
1200	0.7398534898	0.6125979824
1201	0.7398527242	0.6125908018
1202	0.7398598462	0.6125837367
1203	0.7398672094	0.612577092
1204	0.7398710858	0.612570122
1205	0.73987959	0.612562652
1206	0.7398894591	0.612555423
1207	0.7398936662	0.6125490235
1208	0.7399024916	0.6125421295
1209	0.739911364	0.6125339646
1210	0.7399197549	0.6125266006
1211	0.7399254074	0.6125195486
1212	0.7399337713	0.6125126536
1213	0.7399421046	0.6125053997
1214	0.739949675	0.612498358
1215	0.7399518636	0.6124909626
1216	0.739959371	0.6124837512
1217	0.7399686834	0.6124764248
1218	0.7399718241	0.6124693689
1219	0.7399765391	0.6124616914
1220	0.7399819565	0.6124542821
1221	0.7399887852	0.6124477349
1222	0.7399945761	0.6124402045
1223	0.7399985083	0.6124331866
1224	0.7400062513	0.6124265615
1225	0.7400141978	0.6124196936
1226	0.7400215971	0.6124133008
1227	0.7400279769	0.6124066297
1228	0.7400340983	0.6123999562
1229	0.7400396626	0.6123932462
1230	0.7400464921	0.6123861975
1231	0.7400499936	0.6123791661
1232	0.7400555582	0.6123724021
1233	0.7400637329	0.6123651562
1234	0.7400678447	0.6123577167
1235	0.7400739035	0.6123510435
1236	0.7400741312	0.6123441803
1237	0.7400813484	0.6123372979
1238	0.7400827738	0.6123300123
1239	0.7400847653	0.6123227746
1240	0.7400880981	0.6123158134
1241	0.7400895879	0.6123091242
1242	0.7400948159	0.6123023841
1243	0.7401015163	0.6122952741
1244	0.7401036568	0.6122877744
1245	0.7401090249	0.6122819288
1246	0.7401156225	0.6122754042
1247	0.74012116	0.6122684783
1248	0.7401249724	0.6122624917
1249	0.7401281229	0.6122558522
1250	0.7401361103	0.6122494087
1251	0.740134427	0.6122417868
1252	0.7401400594	0.6122350351
1253	0.740146234	0.6122282223
1254	0.7401496024	0.6122218344
1255	0.7401575525	0.6122156982
1256	0.7401596664	0.6122087083
1257	0.7401645161	0.6122022272
1258	0.740171546	0.6121952873
1259	0.7401782723	0.6121889857
1260	0.7401864945	0.6121828805
1261	0.7401922528	0.6121765367
1262	0.7402009339	0.6121697607
1263	0.7402085812	0.6121631932
1264	0.7402148788	0.61215674
1265	0.7402166505	0.6121503607
1266	0.7402205588	0.612144154
1267	0.7402261964	0.6121381952
1268	0.7402307261	0.6121322315
1269	0.7402375254	0.6121259896
1270	0.7402385281	0.6121194526
1271	0.7402455079	0.6121131093
1272	0.7402519253	0.6121064582
1273	0.7402566613	0.6121003598
1274	0.7402631624	0.6120942057
1275	0.7402681378	0.6120880736
1276	0.7402736472	0.6120817988
1277	0.7402802418	0.61207589
1278	0.7402820643	0.612070056
1279	0.7402869816	0.6120632874
1280	0.7402939518	0.6120569697
1281	0.7403018638	0.6120501104
1282	0.7403094332	0.6120431082
1283	0.7403181113	0.6120366718
1284	0.7403221053	0.6120303143
1285	0.7403299169	0.6120243866
1286	0.7403369246	0.6120177325
1287	0.7403421173	0.6120116344
1288	0.7403466274	0.612005168
1289	0.7403540009	0.6119986934
1290	0.7403591711	0.6119926843
1291	0.740364558	0.6119862562
1292	0.7403709383	0.6119799777
1293	0.7403785668	0.6119736632
1294	0.7403845229	0.6119680127
1295	0.7403891991	0.6119621271
1296	0.7403956935	0.6119565073
1297	0.7404030998	0.6119501599
1298	0.7404067425	0.6119434692
1299	0.7404148453	0.6119376967
1300	0.7404209886	0.6119317346
1301	0.7404245346	0.6119256961
1302	0.7404306013	0.6119200894
1303	0.7404377635	0.6119136031
1304	0.7404451969	0.6119076773
1305	0.7404490723	0.6119013521
1306	0.7404547776	0.6118951565
1307	0.7404574752	0.6118893454
1308	0.740462748	0.6118831624
1309	0.7404698419	0.611876788
1310	0.7404757499	0.6118710444
1311	0.7404788163	0.6118654224
1312	0.7404849782	0.6118594658
1313	0.7404854954	0.6118532946
1314	0.7404858769	0.6118474662
1315	0.7404905469	0.6118423217
1316	0.7404954175	0.6118368056
1317	0.7404972903	0.6118310837
1318	0.7405047336	0.6118253949
1319	0.7405121144	0.6118194444
1320	0.7405146055	0.6118138213
1321	0.740519453	0.611808301
1322	0.7405216301	0.6118022482
1323	0.7405238946	0.611796461
1324	0.7405259269	0.6117902655
1325	0.7405324772	0.6117844281
1326	0.7405385463	0.6117785336
1327	0.7405425586	0.6117726558
1328	0.7405456566	0.6117659967
1329	0.7405508546	0.6117602232
1330	0.7405512721	0.6117544355
1331	0.740549681	0.6117478351
1332	0.7405516271	0.6117420342
1333	0.7405584249	0.6117360761
1334	0.7405627295	0.6117306659
1335	0.7405646844	0.6117252004
1336	0.7405672479	0.6117192998
1337	0.7405701747	0.6117136778
1338	0.7405763428	0.6117082285
1339	0.7405775575	0.6117021264
1340	0.7405823537	0.6116963926
1341	0.7405822307	0.6116903569
1342	0.740588783	0.6116852014
1343	0.7405952933	0.6116794277
1344	0.7406021041	0.6116735662
1345	0.7406091257	0.6116680226
1346	0.7406151959	0.6116628266
1347	0.7406209848	0.6116569009
1348	0.7406271157	0.6116515671
1349	0.7406318624	0.6116457575
1350	0.7406372616	0.6116404268
1351	0.7406381909	0.6116350944
1352	0.7406442307	0.6116292679
1353	0.7406471414	0.6116237799
1354	0.7406544877	0.6116182367
1355	0.7406595512	0.6116127582
1356	0.7406650316	0.6116071744
1357	0.7406732364	0.6116012379
1358	0.7406780985	0.6115955437
1359	0.740683255	0.6115903152
1360	0.7406874617	0.6115850322
1361	0.7406916296	0.611579382
1362	0.7406967403	0.6115743329
1363	0.7407021058	0.6115687839
1364	0.7407084638	0.6115633972
1365	0.7407081124	0.611557999
1366	0.7407153237	0.6115521674
1367	0.7407217846	0.6115467236
1368	0.7407271932	0.6115414508
1369	0.7407351072	0.6115361191
1370	0.7407403304	0.6115311226
1371	0.7407437257	0.6115252279
1372	0.7407482667	0.6115198707
1373	0.7407532929	0.6115147105
1374	0.7407583363	0.6115094703
1375	0.7407628778	0.6115038355
1376	0.7407677424	0.611498556
1377	0.7407745937	0.6114930178
1378	0.7407793721	0.6114880721
1379	0.7407850939	0.6114823199
1380	0.7407903637	0.6114767444
1381	0.7407953495	0.6114713195
1382	0.7407988755	0.6114651234
1383	0.7408036229	0.6114601077
1384	0.7408061614	0.6114546943
1385	0.74081008	0.6114491137
1386	0.7408129225	0.6114440829
1387	0.7408198893	0.6114390826
1388	0.7408219385	0.6114335155
1389	0.7408223958	0.6114276628
1390	0.7408288088	0.6114229392
1391	0.7408305956	0.6114178226
1392	0.7408357787	0.6114125197
1393	0.7408354893	0.6114071403
1394	0.7408411869	0.6114020559
1395	0.7408418005	0.6113971969
1396	0.7408421448	0.6113917355
1397	0.740848704	0.6113867186
1398	0.7408530681	0.6113808925
1399	0.7408552496	0.6113750033
1400	0.7408583303	0.6113696502
1401	0.740864677	0.6113646453
1402	0.7408710291	0.6113591509
1403	0.7408773364	0.611353929
1404	0.7408807734	0.6113491689
1405	0.740885725	0.611343965
1406	0.7408889431	0.6113389427
1407	0.7408931248	0.6113336965
1408	0.7408998276	0.6113282415
1409	0.7409028413	0.6113228265
1410	0.7409045407	0.6113175472
1411	0.7409107124	0.6113124947
1412	0.7409155597	0.6113075913
1413	0.740921023	0.6113029102
1414	0.7409235393	0.6112975281
1415	0.7409299545	0.6112926542
1416	0.740935964	0.6112875593
1417	0.7409426567	0.6112819532
1418	0.7409439362	0.6112765315
1419	0.740949347	0.6112715162
1420	0.7409499169	0.6112660828
1421	0.7409567035	0.6112613316
1422	0.7409630735	0.6112565817
1423	0.7409678009	0.6112511208
1424	0.7409725	0.6112462556
1425	0.7409774424	0.6112412378
1426	0.7409812317	0.6112366202
1427	0.740982424	0.6112318576
1428	0.7409860968	0.6112267744
1429	0.7409901802	0.6112216092
1430	0.7409935641	0.6112168058
1431	0.7409960825	0.6112120667
1432	0.7410016436	0.6112070438
1433	0.7410051689	0.6112019991
1434	0.7410101325	0.6111964025
1435	0.7410136729	0.6111912315
1436	0.7410137546	0.6111860856
1437	0.7410197473	0.611180741
1438	0.7410260074	0.6111757847
1439	0.7410317228	0.6111706247
1440	0.7410361706	0.6111658904
1441	0.7410406936	0.6111609365
1442	0.7410441265	0.6111562912
1443	0.7410485102	0.6111515863
1444	0.7410546936	0.6111471461
1445	0.7410577503	0.6111423501
1446	0.7410617051	0.6111378607
1447	0.7410649252	0.6111330792
1448	0.7410694441	0.6111274276
1449	0.7410711607	0.611122976
1450	0.7410733625	0.6111182129
1451	0.7410771163	0.6111130816
1452	0.7410801786	0.6111084782
1453	0.7410832479	0.6111044598
1454	0.7410887473	0.6110993807
1455	0.7410923132	0.6110948179
1456	0.7410926535	0.6110904012
1457	0.7410941942	0.611085321
1458	0.741095707	0.611080948
1459	0.7410977859	0.6110757867
1460	0.7411030135	0.611071302
1461	0.7411080652	0.6110665849
1462	0.741111875	0.6110621091
1463	0.741116925	0.6110575465
1464	0.7411219871	0.6110530692
1465	0.7411262976	0.6110484225
1466	0.7411270428	0.6110436121
1467	0.7411311336	0.6110384114
1468	0.7411359377	0.6110338313
1469	0.7411412309	0.61102939
1470	0.7411443505	0.6110251573
1471	0.7411481281	0.6110201774
1472	0.7411524867	0.611015978
1473	0.7411564386	0.6110110778
1474	0.7411581436	0.6110063012
1475	0.7411634352	0.6110011276
1476	0.7411675585	0.6109964647
1477	0.741170246	0.6109907595
1478	0.7411747233	0.6109864384
1479	0.7411802991	0.6109818373
1480	0.7411849369	0.6109777074
1481	0.7411880248	0.6109732532
1482	0.7411904525	0.6109687416
1483	0.7411938386	0.6109645185
1484	0.7411946805	0.6109594245
1485	0.7411987606	0.6109548973
1486	0.7412047556	0.610950599
1487	0.7412085843	0.610945886
1488	0.7412120731	0.6109413647
1489	0.7412174845	0.6109371246
1490	0.7412215111	0.6109323289
1491	0.7412266052	0.6109278044
1492	0.7412314586	0.6109228969
1493	0.7412359451	0.610918063
1494	0.7412388696	0.61091307
1495	0.7412426354	0.6109089948
1496	0.741248558	0.6109040963
1497	0.741253203	0.6108993033
1498	0.7412571051	0.6108940674
1499	0.7412599913	0.6108896493
1500	0.7412653302	0.6108848868
1501	0.7412702208	0.6108805879
1502	0.7412723007	0.6108761643
1503	0.7412752151	0.610871865
1504	0.7412774752	0.610867812
1505	0.7412812156	0.6108629647
1506	0.7412860745	0.6108586345
1507	0.7412888864	0.6108538756
1508	0.7412925092	0.6108495295
1509	0.7412971891	0.6108453893
1510	0.7413017508	0.6108411771
1511	0.7413059813	0.6108362799
1512	0.7413084177	0.6108310879
1513	0.7413129784	0.6108260973
1514	0.7413179867	0.6108217046
1515	0.7413231331	0.6108172194
1516	0.741327955	0.6108133217
1517	0.7413319339	0.6108090745
1518	0.7413348141	0.6108038828
1519	0.7413389832	0.6107997629
1520	0.7413410693	0.6107950926
1521	0.7413460141	0.6107908126
1522	0.7413493155	0.6107863105
1523	0.741354938	0.6107821005
1524	0.7413595914	0.61077797
1525	0.7413637681	0.6107735669
1526	0.7413670615	0.6107694377
1527	0.74137025	0.6107652619
1528	0.7413758232	0.610760526
1529	0.741380237	0.6107564231
1530	0.7413840877	0.6107516052
1531	0.7413882056	0.6107475735
1532	0.7413928848	0.6107425055
1533	0.7413962739	0.6107381036
1534	0.7413999054	0.610733864
1535	0.7413992655	0.6107289412
1536	0.7413991197	0.6107248582
1537	0.7414034838	0.6107203536
1538	0.7414088243	0.6107162695
1539	0.7414142564	0.6107117582
1540	0.7414129192	0.6107072468
1541	0.7414159887	0.6107027811
1542	0.7414187547	0.6106990914
1543	0.7414234127	0.6106951609
1544	0.741426948	0.6106906974
1545	0.7414286437	0.6106864228
1546	0.7414341991	0.6106814784
1547	0.7414375641	0.6106771615
1548	0.7414368586	0.6106716846
1549	0.7414410643	0.6106669648
1550	0.7414457598	0.6106627535
1551	0.741450066	0.6106580263
1552	0.7414549331	0.6106537582
1553	0.7414570129	0.6106501318
1554	0.7414599847	0.6106460188
1555	0.7414641164	0.6106416228
1556	0.7414682866	0.6106376782
1557	0.7414714338	0.610633992
1558	0.7414777976	0.6106294232
1559	0.74148363	0.6106248857
1560	0.7414883288	0.6106207171
1561	0.7414914484	0.6106163847
1562	0.741492543	0.610611887
1563	0.7414972632	0.6106077048
1564	0.741502367	0.6106036251
1565	0.7415058462	0.6105997414
1566	0.7415096229	0.6105954917
1567	0.7415144454	0.6105906861
1568	0.7415147764	0.610586845
1569	0.7415192795	0.6105825386
1570	0.7415238058	0.6105783625
1571	0.7415261476	0.6105746053
1572	0.7415310283	0.6105705811
1573	0.7415355859	0.6105665953
1574	0.7415390025	0.610562701
1575	0.7415435945	0.6105584827
1576	0.7415434229	0.6105545118
1577	0.7415482803	0.6105504087
1578	0.7415525106	0.6105463368
1579	0.7415576647	0.6105423153
1580	0.7415610778	0.6105380745
1581	0.7415635468	0.610534468
1582	0.7415666288	0.6105304117
1583	0.7415712933	0.6105262354
1584	0.7415745214	0.6105222145
1585	0.7415776272	0.6105184411
1586	0.7415820574	0.6105144389
1587	0.7415867405	0.610510417
1588	0.7415900448	0.6105063696
1589	0.7415904182	0.6105018211
1590	0.7415951736	0.6104979296
1591	0.741599432	0.6104939637
1592	0.7416032458	0.6104898424
1593	0.7416066001	0.6104858011
1594	0.7416101506	0.6104813136
1595	0.7416142492	0.6104775867
1596	0.7416169712	0.610473546
1597	0.7416219355	0.6104697388
1598	0.7416239692	0.6104657182
1599	0.7416276933	0.6104612679
1600	0.7416302646	0.6104570031
1601	0.7416346654	0.6104527445
1602	0.7416390317	0.6104490802
1603	0.7416436583	0.6104449174
1604	0.7416476551	0.6104407429
1605	0.7416518951	0.6104368489
1606	0.7416568752	0.610432703
1607	0.7416600511	0.6104289371
1608	0.7416630277	0.6104247843
1609	0.7416630305	0.610421123
1610	0.7416660397	0.6104172076
1611	0.741669252	0.6104138076
1612	0.7416740828	0.6104099704
1613	0.7416767246	0.6104055935
1614	0.7416812202	0.6104019708
1615	0.7416822277	0.6103977433
1616	0.7416866179	0.6103936532
1617	0.7416906105	0.6103895708
1618	0.7416946387	0.6103856357
1619	0.7416946533	0.6103816262
1620	0.7416940107	0.6103776558
1621	0.741697551	0.6103742668
1622	0.741699758	0.6103702805
1623	0.7417044017	0.6103662078
1624	0.7417049025	0.6103616938
1625	0.7417093971	0.6103575581
1626	0.7417135761	0.6103540345
1627	0.7417180619	0.6103496339
1628	0.7417198528	0.610345837
1629	0.7417233666	0.6103417736
1630	0.7417235674	0.6103384447
1631	0.7417248537	0.610334728
1632	0.7417279791	0.610330777
1633	0.7417322455	0.6103268363
1634	0.7417351151	0.6103231463
1635	0.7417391153	0.6103195849
1636	0.7417431921	0.6103158124
1637	0.7417454735	0.6103121377
1638	0.7417494417	0.6103080286
1639	0.7417537675	0.6103043013
1640	0.7417556336	0.6103001643
1641	0.7417581462	0.6102965659
1642	0.7417617803	0.6102927724
1643	0.7417644305	0.6102890523
1644	0.7417676803	0.6102855459
1645	0.7417690106	0.6102817569
1646	0.7417734709	0.6102780132
1647	0.7417752649	0.6102743775
1648	0.7417793387	0.6102706162
1649	0.7417842198	0.6102666374
1650	0.7417878412	0.6102628093
1651	0.7417910082	0.6102589046
1652	0.741795416	0.6102553756
1653	0.7417991584	0.6102517713
1654	0.7418017349	0.6102482725
1655	0.7418055547	0.6102437279
1656	0.7418073304	0.6102403224
1657	0.7418099398	0.6102359577
1658	0.741813005	0.6102323715
1659	0.7418160263	0.6102285021
1660	0.7418203436	0.6102249913
1661	0.7418245831	0.6102217414
1662	0.7418268106	0.6102180875
1663	0.7418308584	0.610214204
1664	0.7418328833	0.6102103504
1665	0.7418318507	0.610206654
1666	0.7418354693	0.6102026715
1667	0.7418392465	0.610199356
1668	0.7418415614	0.6101950069
1669	0.7418449427	0.6101910874
1670	0.7418476726	0.6101875731
1671	0.7418516174	0.6101841556
1672	0.7418541429	0.6101805581
1673	0.7418574899	0.6101775192
1674	0.7418606801	0.6101741343
1675	0.7418625674	0.610170587
1676	0.7418646664	0.610166528
1677	0.741868176	0.6101631036
1678	0.7418703139	0.6101588635
1679	0.7418736073	0.6101555333
1680	0.7418763255	0.6101520897
1681	0.7418803739	0.6101486168
1682	0.741883907	0.6101449063
1683	0.7418871032	0.6101414137
1684	0.7418913678	0.6101378475
1685	0.741893059	0.610134097
1686	0.7418925733	0.6101299452
1687	0.7418953696	0.610126245
1688	0.7418980636	0.6101230433
1689	0.7418972228	0.6101195456
1690	0.7419016519	0.6101158041
1691	0.7419047486	0.6101119768
1692	0.7419086956	0.6101082905
1693	0.741911999	0.6101048324
1694	0.7419136387	0.610101282
1695	0.7419170445	0.6100976482
1696	0.7419217101	0.6100940443
1697	0.7419241162	0.6100907974
1698	0.7419276692	0.6100872098
1699	0.7419296907	0.6100839217
1700	0.7419326234	0.6100805757
1701	0.7419357905	0.6100772154
1702	0.7419385313	0.6100741801
1703	0.7419418846	0.6100710062
1704	0.7419454603	0.6100676739
1705	0.7419497747	0.6100639083
1706	0.7419533176	0.6100605825
1707	0.7419576187	0.6100572501
1708	0.7419604321	0.6100538172
1709	0.7419644147	0.6100501488
1710	0.7419669808	0.61004663
1711	0.7419691124	0.6100433802
1712	0.7419714433	0.6100393814
1713	0.741974884	0.6100358541
1714	0.7419794997	0.6100318572
1715	0.7419841273	0.6100280378
1716	0.7419870279	0.6100247267
1717	0.7419906601	0.6100210382
1718	0.741993962	0.6100178991
1719	0.7419967837	0.6100147126
1720	0.7419983942	0.6100115446
1721	0.7420017053	0.6100086885
1722	0.7420056011	0.6100057461
1723	0.7420083756	0.6100027176
1724	0.7420122554	0.6099988917
1725	0.7420150253	0.6099954888
1726	0.7420195298	0.6099921592
1727	0.7420233773	0.609988722
1728	0.7420275139	0.6099855366
1729	0.7420315858	0.6099820597
1730	0.7420343175	0.6099789581
1731	0.7420375108	0.6099747854
1732	0.7420409588	0.6099713372
1733	0.7420447645	0.6099677687
1734	0.7420454464	0.609964454
1735	0.7420482377	0.6099607638
1736	0.7420491284	0.6099565462
1737	0.7420535012	0.6099529169
1738	0.7420541552	0.6099496076
1739	0.742054874	0.6099461403
1740	0.7420579937	0.6099428287
1741	0.7420603328	0.6099394524
1742	0.7420631834	0.6099362037
1743	0.742065846	0.6099330026
1744	0.7420698005	0.6099288514
1745	0.7420689436	0.6099247196
1746	0.7420726563	0.60992168
1747	0.7420760882	0.6099182322
1748	0.7420793977	0.609914774
1749	0.7420819616	0.6099116397
1750	0.7420852651	0.6099084566
1751	0.7420861476	0.6099055235
1752	0.7420896606	0.6099020061
1753	0.7420933849	0.6098984946
1754	0.7420962268	0.6098951257
1755	0.7421009151	0.6098917469
1756	0.7421047788	0.6098884093
1757	0.7421085559	0.6098848472
1758	0.7421122416	0.60988149
1759	0.7421125688	0.6098782215
1760	0.7421159355	0.6098755352
1761	0.7421191022	0.6098725791
1762	0.7421224204	0.6098691088
1763	0.7421256373	0.6098659561
1764	0.7421278798	0.6098625331
1765	0.7421285318	0.6098593543
1766	0.7421316106	0.6098565898
1767	0.742135457	0.6098530937
1768	0.7421374588	0.6098500017
1769	0.7421399108	0.6098467094
1770	0.7421421363	0.6098436207
1771	0.7421460361	0.6098400048
1772	0.7421492008	0.6098370026
1773	0.7421512498	0.6098339459
1774	0.7421556135	0.6098304509
1775	0.7421591627	0.6098275011
1776	0.7421629713	0.6098246527
1777	0.7421665139	0.6098216965
1778	0.7421695509	0.6098185326
1779	0.7421733378	0.6098153369
1780	0.7421775492	0.6098121115
1781	0.7421806374	0.6098092385
1782	0.7421840219	0.6098061864
1783	0.7421857498	0.6098029246
1784	0.7421882855	0.609799653
1785	0.742191308	0.6097960996
1786	0.7421953288	0.6097926609
1787	0.7421983711	0.6097895119
1788	0.7422017744	0.609786591
1789	0.7422045414	0.6097831124
1790	0.7422059861	0.6097798812
1791	0.7422101231	0.6097764162
1792	0.7422147504	0.6097728802
1793	0.7422169744	0.6097697437
1794	0.742219378	0.6097660993
1795	0.7422230225	0.6097628289
1796	0.742225793	0.6097593716
1797	0.7422286451	0.6097564068
1798	0.7422318111	0.6097532949
1799	0.7422341292	0.6097505795
1800	0.7422372196	0.6097475324
1801	0.7422415981	0.6097437607
1802	0.7422438617	0.6097402407
1803	0.7422467655	0.6097369127
1804	0.7422505341	0.6097337406
1805	0.7422522582	0.6097309857
1806	0.7422553804	0.6097279258
1807	0.7422584599	0.6097239343
1808	0.7422621272	0.6097208145
1809	0.7422635862	0.6097176167
1810	0.7422624852	0.6097142696
1811	0.7422642738	0.6097113697
1812	0.7422691666	0.6097079304
1813	0.7422705757	0.6097050697
1814	0.7422718694	0.6097018893
1815	0.7422749146	0.6096989204
1816	0.7422766397	0.6096963485
1817	0.7422787574	0.6096937186
1818	0.7422822577	0.6096904125
1819	0.7422854858	0.6096874069
1820	0.7422855377	0.6096833319
1821	0.7422875683	0.6096803048
1822	0.7422891923	0.6096772239
1823	0.7422924135	0.6096739925
1824	0.7422944808	0.6096709735
1825	0.7422965373	0.6096682831
1826	0.7422968568	0.6096653352
1827	0.7422984466	0.6096625814
1828	0.7423024447	0.609659405
1829	0.7423035124	0.6096566734
1830	0.7423063605	0.6096533897
1831	0.7423102386	0.6096502721
1832	0.7423114572	0.6096471215
1833	0.7423132755	0.6096446504
1834	0.7423163721	0.6096419615
1835	0.7423186033	0.6096391916
1836	0.7423210673	0.6096363101
1837	0.7423238125	0.6096331624
1838	0.7423252985	0.6096295915
1839	0.7423285027	0.6096263864
1840	0.7423293036	0.6096234558
1841	0.7423313794	0.6096206884
1842	0.742331661	0.6096168775
1843	0.7423347922	0.6096138457
1844	0.7423367252	0.6096110296
1845	0.7423403338	0.6096081651
1846	0.7423423787	0.6096055552
1847	0.742345373	0.6096024586
1848	0.7423476625	0.6095989724
1849	0.7423512689	0.6095958931
1850	0.7423531534	0.6095931548
1851	0.7423549625	0.6095901481
1852	0.7423568783	0.6095872572
1853	0.7423591984	0.6095846317
1854	0.7423629586	0.6095814247
1855	0.7423653021	0.6095783576
1856	0.7423681448	0.6095757379
1857	0.7423698745	0.6095728975
1858	0.7423726633	0.6095699168
1859	0.7423751815	0.6095671259
1860	0.7423786515	0.6095641055
1861	0.7423817782	0.6095611087
1862	0.7423836678	0.6095581385
1863	0.7423866688	0.6095550059
1864	0.7423890273	0.6095523839
1865	0.7423910916	0.6095494213
1866	0.7423932714	0.6095469194
1867	0.7423957252	0.6095442174
1868	0.7423976376	0.6095413722
1869	0.742399493	0.6095387775
1870	0.7424019349	0.6095355327
1871	0.7424047209	0.6095320983
1872	0.7424081684	0.6095293961
1873	0.7424103256	0.60952681
1874	0.7424111231	0.609523858
1875	0.742414939	0.6095207071
1876	0.7424184569	0.6095175638
1877	0.7424195413	0.6095150864
1878	0.7424215985	0.6095124916
1879	0.7424253735	0.6095088931
1880	0.7424283381	0.6095062407
1881	0.7424303896	0.6095035249
1882	0.7424325911	0.6095007307
1883	0.7424363126	0.6094974138
1884	0.7424387682	0.6094949438
1885	0.7424394123	0.6094922029
1886	0.7424426313	0.6094890085
1887	0.7424452434	0.6094865434
1888	0.7424476082	0.6094830439
1889	0.7424501214	0.6094801851
1890	0.7424512317	0.6094773275
1891	0.7424532305	0.6094747209
1892	0.7424561502	0.6094721799
1893	0.7424590586	0.6094696913
1894	0.742460889	0.6094665089
1895	0.7424642151	0.6094635595
1896	0.7424677963	0.6094602332
1897	0.7424703701	0.6094575103
1898	0.7424727411	0.6094547215
1899	0.7424744767	0.6094520418
1900	0.7424767161	0.6094486373
1901	0.7424802141	0.6094457359
1902	0.7424811732	0.6094423364
1903	0.7424842651	0.6094394548
1904	0.742487264	0.6094365871
1905	0.7424889453	0.6094330281
1906	0.7424916731	0.6094298645
1907	0.7424948108	0.6094271679
1908	0.7424978136	0.6094245069
1909	0.7424988742	0.6094208673
1910	0.7425015204	0.6094183429
1911	0.7425057965	0.6094148326
1912	0.7425086704	0.6094120655
1913	0.7425114536	0.60940968
1914	0.7425138594	0.6094067015
1915	0.742518242	0.6094036553
1916	0.7425206056	0.6094013666
1917	0.7425238892	0.6093981224
1918	0.7425267864	0.6093950097
1919	0.7425300268	0.6093923278
1920	0.7425313854	0.6093896635
1921	0.742534851	0.6093867134
1922	0.7425377352	0.609384095
1923	0.7425399597	0.6093816203
1924	0.7425424448	0.6093784464
1925	0.7425455751	0.6093755068
1926	0.7425481313	0.6093729336
1927	0.7425504706	0.6093702558
1928	0.7425535694	0.6093674525
1929	0.7425568367	0.6093648355
1930	0.7425573966	0.6093622807
1931	0.7425601348	0.6093594746
1932	0.742561655	0.6093571563
1933	0.7425648161	0.6093542652
1934	0.7425675679	0.6093512849
1935	0.7425712537	0.6093482856
1936	0.7425732343	0.6093457638
1937	0.7425773607	0.6093423394
1938	0.7425803829	0.6093396133
1939	0.7425839393	0.6093367568
1940	0.7425868847	0.6093340776
1941	0.7425894574	0.6093315151
1942	0.7425924211	0.6093291682
1943	0.7425937581	0.6093263206
1944	0.7425970065	0.60932323
1945	0.742600179	0.6093198359
1946	0.7426028135	0.6093170419
1947	0.7426066733	0.6093139732
1948	0.7426076634	0.6093112801
1949	0.7426103849	0.6093086938
1950	0.7426130815	0.6093060222
1951	0.7426159373	0.609303148
1952	0.7426194158	0.6093003146
1953	0.742622142	0.6092979219
1954	0.7426250401	0.6092954449
1955	0.7426281602	0.6092927374
1956	0.7426301882	0.6092903584
1957	0.7426318014	0.6092878764
1958	0.7426331174	0.6092849695
1959	0.7426363906	0.6092823556
1960	0.7426390492	0.6092795685
1961	0.7426420811	0.6092770202
1962	0.7426445208	0.609273818
1963	0.7426459662	0.6092712032
1964	0.742648317	0.6092688816
1965	0.7426501505	0.6092658303
1966	0.7426529898	0.609262788
1967	0.7426552619	0.6092601559
1968	0.7426586255	0.6092573422
1969	0.7426618527	0.6092542885
1970	0.7426645653	0.6092515685
1971	0.7426672719	0.6092490572
1972	0.7426695031	0.6092460964
1973	0.7426715585	0.6092436676
1974	0.7426740999	0.6092408284
1975	0.7426754511	0.6092387078
1976	0.7426786716	0.6092361501
1977	0.7426810808	0.6092335665
1978	0.742682031	0.6092311973
1979	0.7426838472	0.609228365
1980	0.7426874418	0.6092253216
1981	0.7426907018	0.6092226654
1982	0.7426942399	0.6092200385
1983	0.7426963505	0.60921759
1984	0.742699647	0.6092149378
1985	0.7427023913	0.6092122099
1986	0.7427045077	0.6092095292
1987	0.7427072305	0.6092069362
1988	0.7427101833	0.609204467
1989	0.7427124763	0.6092022184
1990	0.7427137845	0.6091989762
1991	0.7427158765	0.6091969284
1992	0.7427187528	0.6091942957
1993	0.7427215397	0.6091918829
1994	0.7427250846	0.6091888364
1995	0.7427266379	0.6091864698
1996	0.7427284903	0.6091837985
1997	0.7427312817	0.6091811352
1998	0.7427338573	0.6091784899
1999	0.7427357743	0.6091758622
2000	0.7427384178	0.6091731472
2001	0.7427406299	0.6091704438
2002	0.7427435674	0.6091679123
2003	0.7427467234	0.6091654058
2004	0.7427478047	0.6091629677
2005	0.742749694	0.6091604355
2006	0.7427536994	0.6091573824
2007	0.7427565797	0.6091548338
2008	0.7427590218	0.6091524796
2009	0.7427602875	0.6091496377
2010	0.7427617654	0.6091474117
2011	0.7427626505	0.6091447381
2012	0.7427656181	0.6091420963
2013	0.7427680847	0.6091395678
2014	0.742770277	0.6091369812
2015	0.742772775	0.6091345985
2016	0.7427766628	0.60913146
2017	0.7427792246	0.6091290733
2018	0.7427820818	0.6091265674
2019	0.7427849052	0.6091241116
2020	0.7427868086	0.6091220653
2021	0.7427889346	0.6091196588
2022	0.7427911532	0.6091163669
2023	0.7427931929	0.6091137462
2024	0.7427943578	0.6091114687
2025	0.7427946869	0.6091089095
2026	0.7427975386	0.6091062111
2027	0.7428002635	0.6091037621
2028	0.7428030376	0.609101094
2029	0.7428060474	0.6090983571
2030	0.7428077435	0.6090957296
2031	0.7428086552	0.6090929589
2032	0.7428112171	0.6090907086
2033	0.7428138822	0.609088605
2034	0.7428151149	0.6090862075
2035	0.7428180793	0.6090836599
2036	0.7428204872	0.6090814608
2037	0.7428227151	0.6090789964
2038	0.7428252453	0.6090765351
2039	0.7428259931	0.6090743858
2040	0.7428281433	0.6090722929
2041	0.7428297241	0.6090699008
2042	0.7428317725	0.6090671536
2043	0.7428338481	0.609064798
2044	0.7428363662	0.609062521
2045	0.7428389715	0.6090602692
2046	0.7428411328	0.6090578504
2047	0.7428440171	0.6090554725
2048	0.7428460391	0.6090528462
2049	0.7428491996	0.6090499454
2050	0.7428515196	0.6090473916
2051	0.7428542837	0.6090446204
2052	0.7428566632	0.6090419156
2053	0.7428594065	0.6090397624
2054	0.7428617686	0.6090372145
2055	0.7428645715	0.6090345732
2056	0.7428656265	0.6090318504
2057	0.7428681321	0.6090290657
2058	0.7428700603	0.6090265189
2059	0.7428718615	0.6090243431
2060	0.7428734148	0.6090219484
2061	0.7428755537	0.6090193114
2062	0.7428767662	0.6090171682
2063	0.7428784811	0.6090146307
2064	0.7428795631	0.6090122875
2065	0.7428818886	0.6090100295
2066	0.7428843234	0.6090077463
2067	0.7428856961	0.6090050822
2068	0.742887385	0.6090026538
2069	0.7428899582	0.6090003563
2070	0.7428919741	0.6089980218
2071	0.7428941569	0.6089954253
2072	0.7428971542	0.6089924993
2073	0.7428995264	0.608990359
2074	0.7429014212	0.6089879023
2075	0.7429023663	0.6089859149
2076	0.7429037241	0.6089835679
2077	0.742904315	0.6089807395
2078	0.7429067074	0.6089780823
2079	0.7429092924	0.6089754682
2080	0.7429102938	0.608973109
2081	0.7429132025	0.608970142
2082	0.7429152977	0.6089681843
2083	0.7429183124	0.6089653583
2084	0.7429190226	0.6089622337
2085	0.7429217934	0.6089599981
2086	0.742923491	0.6089579057
2087	0.7429250607	0.6089557062
2088	0.7429273457	0.6089534162
2089	0.7429300906	0.6089509312
2090	0.74293242	0.6089486073
2091	0.7429338977	0.6089465116
2092	0.7429356869	0.6089445573
2093	0.7429387577	0.6089419374
2094	0.7429404582	0.6089398723
2095	0.7429423245	0.6089372499
2096	0.7429453804	0.6089345181
2097	0.7429467051	0.6089320268
2098	0.7429476188	0.6089301305
2099	0.7429495002	0.6089279639
2100	0.7429519383	0.6089255039
2101	0.7429549014	0.6089228766
2102	0.7429573342	0.6089205449
2103	0.7429594968	0.6089179367
2104	0.7429617966	0.6089156674
2105	0.7429644992	0.608912781
2106	0.7429674607	0.608910362
2107	0.7429695956	0.608907998
2108	0.7429727557	0.6089056724
2109	0.7429749074	0.608903349
2110	0.7429782467	0.6089002475
2111	0.7429813967	0.60889754
2112	0.7429842399	0.6088947965
2113	0.7429862104	0.6088925516
2114	0.7429880925	0.6088901099
2115	0.7429904067	0.6088880388
2116	0.7429913634	0.6088857486
2117	0.7429930345	0.6088835385
2118	0.7429946983	0.6088815859
2119	0.742997971	0.6088789499
2120	0.7429996419	0.608876821
2121	0.7430019332	0.6088743779
2122	0.7430037008	0.6088720358
2123	0.743006461	0.6088698898
2124	0.7430078067	0.6088674454
2125	0.7430099683	0.6088652681
2126	0.7430124958	0.6088629494
2127	0.7430150812	0.6088608113
2128	0.7430173378	0.6088584168
2129	0.7430195803	0.6088555088
2130	0.7430215725	0.6088536498
2131	0.7430239337	0.6088512752
2132	0.7430262779	0.6088486399
2133	0.7430288182	0.6088465297
2134	0.7430303943	0.6088438057
2135	0.743032853	0.6088418033
2136	0.7430353677	0.6088390522
2137	0.7430379586	0.6088368374
2138	0.7430394121	0.6088344655
2139	0.7430408944	0.6088325142
2140	0.7430436572	0.6088295995
2141	0.7430455079	0.6088275153
2142	0.7430485116	0.608824939
2143	0.743048705	0.6088224754
2144	0.7430504983	0.6088201551
2145	0.7430522044	0.6088177553
2146	0.7430533783	0.6088158183
2147	0.7430554534	0.6088137431
2148	0.7430579829	0.6088111215
2149	0.7430608785	0.6088079533
2150	0.7430623041	0.608805486
2151	0.7430640998	0.6088032736
2152	0.7430658318	0.6088011769
2153	0.7430675024	0.6087985396
2154	0.7430687827	0.6087962596
2155	0.7430708017	0.6087944162
2156	0.7430727492	0.6087918934
2157	0.7430755636	0.6087892646
2158	0.7430776047	0.6087872238
2159	0.7430795199	0.608785243
2160	0.7430830277	0.6087825768
2161	0.7430854972	0.6087802768
2162	0.7430874334	0.6087784703
2163	0.7430898232	0.6087764186
2164	0.7430914771	0.6087743754
2165	0.7430940753	0.6087719862
2166	0.7430960251	0.6087697708
2167	0.743098549	0.6087675637
2168	0.7431007627	0.6087656463
2169	0.7431033772	0.6087635051
2170	0.7431063016	0.6087611779
2171	0.7431083153	0.6087591954
2172	0.7431105276	0.6087565461
2173	0.7431126208	0.6087543421
2174	0.7431134903	0.6087521979
2175	0.7431154761	0.6087494417
2176	0.7431180359	0.6087471423
2177	0.7431200492	0.608744838
2178	0.7431221475	0.608742448
2179	0.7431244671	0.6087401573
2180	0.743126148	0.6087378541
2181	0.7431287829	0.6087356947
2182	0.743131232	0.6087329999
2183	0.74313273	0.6087307227
2184	0.7431361281	0.6087281682
2185	0.7431375209	0.6087261612
2186	0.7431385034	0.6087240729
2187	0.7431406335	0.6087219621
2188	0.7431412498	0.6087195928
2189	0.7431427637	0.6087174248
2190	0.7431446391	0.6087145704
2191	0.7431462305	0.6087124579
2192	0.7431478551	0.6087103565
2193	0.7431506219	0.6087080636
2194	0.7431518828	0.6087059185
2195	0.7431544432	0.6087036713
2196	0.7431563208	0.6087018612
2197	0.7431581921	0.608699629
2198	0.7431606294	0.6086975064
2199	0.7431624719	0.608695301
2200	0.7431645975	0.6086932054
2201	0.7431665994	0.6086910048
2202	0.7431684943	0.608688976
2203	0.7431703907	0.6086870315
2204	0.7431728179	0.608684839
2205	0.7431751413	0.6086823366
2206	0.7431767292	0.6086802189
2207	0.7431798562	0.6086778281
2208	0.743181307	0.608675554
2209	0.7431833272	0.608673199
2210	0.7431862237	0.6086707673
2211	0.7431887561	0.6086685656
2212	0.7431906302	0.6086661796
2213	0.7431923503	0.6086639941
2214	0.7431943224	0.6086617279
2215	0.7431965624	0.608659298
2216	0.7431987165	0.6086571723
2217	0.7432004207	0.6086551297
2218	0.7432020347	0.6086530956
2219	0.7432045062	0.6086510013
2220	0.7432067574	0.6086490514
2221	0.7432085728	0.6086466787
2222	0.7432103398	0.6086444033
2223	0.7432124941	0.6086422095
2224	0.7432145778	0.6086401888
2225	0.7432164083	0.6086378744
2226	0.7432188356	0.6086357823
2227	0.7432215743	0.6086335055
2228	0.7432241894	0.6086312902
2229	0.7432259656	0.6086292263
2230	0.7432293128	0.6086268273
2231	0.7432313558	0.6086245369
2232	0.743233876	0.6086221786
2233	0.7432359524	0.6086201787
2234	0.7432370899	0.6086177569
2235	0.74323942	0.6086153337
2236	0.7432413946	0.6086131346
2237	0.7432435012	0.6086109912
2238	0.7432462119	0.6086085443
2239	0.7432484838	0.6086057437
2240	0.7432506189	0.6086036846
2241	0.7432522149	0.6086018973
2242	0.743254236	0.6085999443
2243	0.7432567503	0.6085976773
2244	0.7432579369	0.6085958842
2245	0.743259553	0.6085940069
2246	0.7432620165	0.6085916987
2247	0.7432629091	0.6085895999
2248	0.7432642577	0.6085877078
2249	0.7432669946	0.6085855428
2250	0.7432697951	0.6085833783
2251	0.7432717821	0.6085813823
2252	0.7432730149	0.6085792869
2253	0.7432744881	0.6085771598
2254	0.7432769551	0.6085751953
2255	0.7432793609	0.6085728635
2256	0.7432809327	0.6085707391
2257	0.7432832437	0.6085686864
2258	0.7432857695	0.6085667157
2259	0.7432880947	0.6085647673
2260	0.7432901581	0.6085627183
2261	0.7432922365	0.6085602566
2262	0.7432932758	0.6085576218
2263	0.743294961	0.6085555047
2264	0.7432972007	0.608552947
2265	0.7432986026	0.6085509562
2266	0.7433009618	0.6085491318
2267	0.7433041961	0.6085466602
2268	0.7433061091	0.6085443963
2269	0.7433073605	0.6085425073
2270	0.7433099684	0.6085400336
2271	0.7433119875	0.6085379297
2272	0.7433136689	0.6085361988
2273	0.7433155516	0.6085338088
2274	0.7433175122	0.6085316252
2275	0.7433198489	0.6085294813
2276	0.7433228602	0.6085267814
2277	0.7433254259	0.6085246605
2278	0.7433272804	0.6085227458
2279	0.7433290593	0.6085208752
2280	0.7433312756	0.608518908
2281	0.7433316442	0.6085162897
2282	0.7433336457	0.6085143709
2283	0.7433361307	0.6085120334
2284	0.743338057	0.6085097372
2285	0.7433400129	0.6085075844
2286	0.7433416549	0.6085057584
2287	0.7433437857	0.6085035009
2288	0.7433461164	0.6085013944
2289	0.7433483929	0.6084993196
2290	0.7433509872	0.608497189
2291	0.7433527722	0.6084951382
2292	0.7433543757	0.6084935555
2293	0.7433566764	0.6084917254
2294	0.7433580552	0.6084895581
2295	0.7433598533	0.6084877544
2296	0.7433620923	0.6084855193
2297	0.7433640162	0.6084835586
2298	0.7433656844	0.6084813792
2299	0.7433670703	0.6084797105
2300	0.7433687697	0.608477421
2301	0.7433709102	0.6084752307
2302	0.7433729558	0.608472995
2303	0.7433749121	0.608470964
2304	0.7433764255	0.6084686974
2305	0.7433775341	0.6084672168
2306	0.7433792633	0.6084652496
2307	0.7433807267	0.608463598
2308	0.7433818061	0.6084615155
2309	0.7433840346	0.6084594022
2310	0.7433846927	0.6084576444
2311	0.7433852368	0.6084556515
2312	0.7433878149	0.6084534945
2313	0.7433895591	0.6084513703
2314	0.7433922202	0.6084484102
2315	0.7433938823	0.608446839
2316	0.7433958308	0.6084445494
2317	0.7433978826	0.6084424209
2318	0.7433989758	0.608440481
2319	0.7434006639	0.6084381813
2320	0.7434025352	0.6084359577
2321	0.7434043117	0.6084341448
2322	0.7434060919	0.6084322156
2323	0.743408499	0.6084298624
2324	0.7434102427	0.6084279581
2325	0.7434121825	0.6084259912
2326	0.7434144298	0.6084241888
2327	0.7434164244	0.6084223077
2328	0.7434182241	0.6084198681
2329	0.7434188996	0.6084176122
2330	0.7434205873	0.6084155895
2331	0.7434214497	0.6084136058
2332	0.7434239732	0.6084116424
2333	0.7434262241	0.6084095607
2334	0.7434286322	0.6084070124
2335	0.7434302888	0.6084053747
2336	0.7434309688	0.6084030947
2337	0.7434327412	0.608401215
2338	0.7434346138	0.6083993193
2339	0.7434369748	0.6083971532
2340	0.7434399934	0.6083945898
2341	0.7434421105	0.6083927184
2342	0.7434441274	0.6083909862
2343	0.7434460749	0.6083893124
2344	0.7434471193	0.6083868329
2345	0.7434495239	0.6083847551
2346	0.7434508396	0.6083828609
2347	0.7434533063	0.6083810132
2348	0.7434556218	0.6083789228
2349	0.7434573399	0.6083766726
2350	0.7434592594	0.6083747605
2351	0.7434610933	0.6083726108
2352	0.7434637516	0.6083702213
2353	0.743465549	0.6083677477
2354	0.7434677925	0.6083657967
2355	0.7434689872	0.6083641627
2356	0.7434702857	0.6083622492
2357	0.7434727357	0.608360398
2358	0.7434747823	0.6083583014
2359	0.7434770129	0.6083564886
2360	0.7434797464	0.6083544397
2361	0.7434815346	0.6083523756
2362	0.7434829745	0.6083506063
2363	0.7434842441	0.6083489842
2364	0.7434860637	0.6083472926
2365	0.7434887515	0.6083452219
2366	0.7434914107	0.6083433345
2367	0.7434938236	0.6083410691
2368	0.7434951558	0.6083395401
2369	0.7434983873	0.6083373101
2370	0.7435003956	0.6083352736
2371	0.7435018978	0.6083331921
2372	0.7435041534	0.6083312988
2373	0.7435062202	0.6083296192
2374	0.7435081192	0.6083277988
2375	0.743509994	0.608325866
2376	0.7435121781	0.608324016
2377	0.7435143817	0.6083218279
2378	0.7435164067	0.6083196206
2379	0.7435189323	0.608317412
2380	0.7435210023	0.6083154256
2381	0.7435221328	0.6083135888
2382	0.7435244256	0.6083113508
2383	0.7435261951	0.6083094141
2384	0.743527158	0.6083077896
2385	0.7435292284	0.6083059887
2386	0.7435308137	0.6083035648
2387	0.7435318891	0.6083019847
2388	0.7435347846	0.608299806
2389	0.7435371162	0.6082975459
2390	0.7435390868	0.6082954286
2391	0.7435411672	0.6082935379
2392	0.7435431729	0.6082919396
2393	0.7435447057	0.6082901993
2394	0.7435468347	0.6082882246
2395	0.7435488076	0.6082861058
2396	0.7435509976	0.6082842469
2397	0.743553564	0.6082820115
2398	0.7435555785	0.6082805148
2399	0.7435573576	0.6082787149
2400	0.7435596778	0.6082767842
2401	0.743561477	0.6082746129
2402	0.7435636292	0.6082716855
2403	0.7435649819	0.6082698579
2404	0.7435664967	0.6082682732
2405	0.7435675589	0.6082665521
2406	0.743569181	0.6082646947
2407	0.7435704449	0.6082629459
2408	0.7435722577	0.6082612777
2409	0.7435731945	0.6082591605
2410	0.7435753732	0.6082573979
2411	0.74357745	0.608255194
2412	0.7435792663	0.6082533536
2413	0.7435811761	0.6082510604
2414	0.7435832004	0.6082490765
2415	0.7435846047	0.6082472735
2416	0.7435847294	0.6082450724
2417	0.7435862556	0.6082430974
2418	0.7435879237	0.6082411843
2419	0.7435892962	0.6082395359
2420	0.7435908818	0.608237698
2421	0.7435926043	0.6082360762
2422	0.743593877	0.6082339351
2423	0.7435956457	0.608232394
2424	0.7435982547	0.6082300177
2425	0.7435996513	0.6082282926
2426	0.7436012107	0.6082264787
2427	0.7436025515	0.6082247097
2428	0.7436038067	0.6082225797
2429	0.7436061857	0.6082198421
2430	0.7436080184	0.6082180502
2431	0.7436097312	0.6082166825
2432	0.7436115775	0.6082150915
2433	0.7436135986	0.6082130938
2434	0.7436151418	0.608211406
2435	0.7436172721	0.6082094096
2436	0.74361915	0.6082076477
2437	0.7436212284	0.6082060243
2438	0.7436236449	0.6082039393
2439	0.7436256397	0.6082021896
2440	0.7436286557	0.6081995738
2441	0.7436310373	0.6081973241
2442	0.743633475	0.6081952079
2443	0.7436355715	0.6081931037
2444	0.7436377326	0.6081911098
2445	0.7436393761	0.608189516
2446	0.743640457	0.6081875366
2447	0.7436423649	0.608185655
2448	0.7436442444	0.6081837437
2449	0.7436464902	0.6081815287
2450	0.7436476379	0.6081798498
2451	0.7436502634	0.6081775475
2452	0.7436521149	0.6081756161
2453	0.7436546478	0.6081735287
2454	0.7436565479	0.6081715751
2455	0.7436578377	0.6081698881
2456	0.7436602324	0.6081675852
2457	0.7436624548	0.6081655874
2458	0.7436638598	0.6081635549
2459	0.7436657699	0.6081618082
2460	0.7436670592	0.6081601809
2461	0.7436692511	0.6081582766
2462	0.743670372	0.6081568858
2463	0.7436721381	0.6081544998
2464	0.7436746572	0.6081526597
2465	0.7436763485	0.6081508866
2466	0.7436789773	0.6081485707
2467	0.7436809738	0.6081465088
2468	0.7436833719	0.6081442469
2469	0.7436852873	0.6081421177
2470	0.7436875962	0.6081400513
2471	0.7436891609	0.6081378857
2472	0.7436906717	0.6081352623
2473	0.7436923464	0.6081334925
2474	0.7436943571	0.6081310478
2475	0.7436961832	0.6081294479
2476	0.7436981958	0.6081274433
2477	0.7437005322	0.6081254303
2478	0.7437030517	0.6081229303
2479	0.7437045402	0.6081209491
2480	0.7437068349	0.6081187413
2481	0.7437087503	0.6081171462
2482	0.7437103134	0.6081151273
2483	0.7437121303	0.6081136214
2484	0.7437140459	0.6081119968
2485	0.7437164667	0.6081098607
2486	0.7437181971	0.6081080292
2487	0.7437202773	0.6081061681
2488	0.7437220133	0.6081046293
2489	0.7437240341	0.6081027481
2490	0.7437255415	0.6081006732
2491	0.7437279619	0.6080985181
2492	0.7437300886	0.6080963682
2493	0.7437317982	0.6080948035
2494	0.7437330862	0.6080923611
2495	0.7437344815	0.6080908165
2496	0.7437363298	0.6080889821
2497	0.7437382247	0.6080872153
2498	0.7437400711	0.608085344
2499	0.7437417962	0.6080834085
2500	0.7437437926	0.6080816212
2501	0.7437451942	0.6080803881
2502	0.7437475712	0.6080783828
2503	0.7437490676	0.6080767966
2504	0.7437499642	0.6080753129
2505	0.7437522663	0.6080734605
2506	0.7437540141	0.6080717052
2507	0.743755667	0.6080699937
2508	0.7437576784	0.6080682111
2509	0.743759278	0.6080663276
2510	0.7437619726	0.6080644054
2511	0.7437637297	0.608062912
2512	0.7437661495	0.6080607285
2513	0.7437685275	0.6080585932
2514	0.7437706882	0.6080570301
2515	0.7437726865	0.6080552006
2516	0.7437754915	0.6080532288
2517	0.7437768258	0.608051513
2518	0.7437790387	0.6080494696
2519	0.7437803369	0.6080478678
2520	0.7437826637	0.6080456821
2521	0.7437846857	0.6080437688
2522	0.7437862368	0.6080425174
2523	0.7437885474	0.6080404746
2524	0.7437901058	0.6080387908
2525	0.7437918459	0.6080366097
2526	0.7437937819	0.6080349567
2527	0.7437951728	0.6080331248
2528	0.7437972864	0.6080315522
2529	0.7437992696	0.608029988
2530	0.7438011517	0.6080280044
2531	0.7438030888	0.6080261685
2532	0.7438045555	0.6080243589
2533	0.7438071954	0.6080220495
2534	0.7438093654	0.6080202572
2535	0.7438106191	0.6080183916
2536	0.7438128016	0.6080164883
2537	0.7438139549	0.6080147118
2538	0.7438158171	0.6080130752
2539	0.7438165667	0.6080114768
2540	0.7438181299	0.6080097896
2541	0.7438203393	0.6080075778
2542	0.7438221151	0.6080058662
2543	0.7438241947	0.608004221
2544	0.7438256217	0.6080019703
2545	0.7438274062	0.6079998807
2546	0.7438286365	0.6079981765
2547	0.7438304136	0.6079958177
2548	0.7438315148	0.6079942615
2549	0.7438331061	0.6079923604
2550	0.7438355503	0.6079899523
2551	0.7438376248	0.6079883077
2552	0.7438395741	0.6079861945
2553	0.7438420585	0.607984272
2554	0.7438440909	0.6079822252
2555	0.743845981	0.6079803507
2556	0.7438479733	0.6079784539
2557	0.7438497217	0.6079765971
2558	0.743851919	0.6079749048
2559	0.7438534533	0.6079731748
2560	0.7438551214	0.6079711925
2561	0.7438572147	0.6079694811
2562	0.7438590205	0.6079678818
2563	0.7438610146	0.6079654365
2564	0.7438628661	0.6079636793
2565	0.7438650026	0.6079615355
2566	0.7438670651	0.6079595287
2567	0.7438687701	0.6079574878
2568	0.743870186	0.6079562008
2569	0.7438716881	0.6079543583
2570	0.7438729603	0.6079527811
2571	0.7438740847	0.6079511877
2572	0.7438765347	0.6079490391
2573	0.7438787251	0.6079474733
2574	0.7438798232	0.6079459799
2575	0.7438814554	0.6079439291
2576	0.743883657	0.6079420541
2577	0.7438848246	0.6079405007
2578	0.7438860406	0.6079388365
2579	0.7438879542	0.6079372292
2580	0.7438893432	0.6079355359
2581	0.7438902072	0.6079338251
2582	0.7438915258	0.607932047
2583	0.743892939	0.6079299852
2584	0.7438945579	0.6079276577
2585	0.7438966868	0.6079261743
2586	0.7438985232	0.607924132
2587	0.7439007277	0.6079221663
2588	0.7439031869	0.6079199015
2589	0.7439045032	0.6079182748
2590	0.7439064787	0.6079165651
2591	0.7439086881	0.6079139575
2592	0.7439101633	0.6079123786
2593	0.7439120326	0.6079105956
2594	0.7439135826	0.6079090681
2595	0.7439147742	0.6079075403
2596	0.743916478	0.6079059221
2597	0.743918106	0.6079044487
2598	0.7439194766	0.6079030963
2599	0.7439212493	0.6079016089
2600	0.7439232867	0.6078995428
2601	0.7439249962	0.607897608
2602	0.7439272725	0.6078956348
2603	0.7439285322	0.6078937956
2604	0.7439306877	0.6078919864
2605	0.7439319444	0.6078898553
2606	0.7439331697	0.607888309
2607	0.7439348258	0.6078866568
2608	0.743936254	0.607885079
2609	0.7439380071	0.6078834227
2610	0.7439404843	0.6078813308
2611	0.7439417901	0.6078798508
2612	0.7439437297	0.6078778829
2613	0.7439450088	0.607876072
2614	0.7439471755	0.6078741896
2615	0.7439483853	0.6078724091
2616	0.7439507506	0.6078705804
2617	0.7439521525	0.6078692587
2618	0.7439539232	0.6078671791
2619	0.7439554227	0.6078656867
2620	0.7439575456	0.6078638312
2621	0.7439595405	0.6078620691
2622	0.7439611252	0.6078604863
2623	0.7439628047	0.6078588607
2624	0.7439645182	0.6078570415
2625	0.7439661149	0.6078552155
2626	0.7439677872	0.6078535829
2627	0.7439693183	0.6078517174
2628	0.7439707644	0.6078504371
2629	0.7439726542	0.6078484745
2630	0.7439728025	0.6078466398
2631	0.7439747967	0.6078450074
2632	0.7439760359	0.6078434848
2633	0.74397838	0.6078416456
2634	0.7439804045	0.6078396809
2635	0.7439822481	0.6078380637
2636	0.7439842556	0.6078363323
2637	0.7439864678	0.6078343618
2638	0.7439888202	0.6078325226
2639	0.7439904295	0.6078306618
2640	0.743991529	0.6078288298
2641	0.7439928129	0.6078272999
2642	0.743994761	0.6078253036
2643	0.7439954451	0.6078235338
2644	0.7439969339	0.6078216379
2645	0.7439985342	0.6078201686
2646	0.7439999858	0.6078187039
2647	0.7440024957	0.6078165094
2648	0.7440048844	0.6078147041
2649	0.7440067384	0.6078129881
2650	0.7440088015	0.6078111757
2651	0.7440104722	0.607809219
2652	0.7440124067	0.6078075472
2653	0.7440142534	0.6078059876
2654	0.7440159791	0.6078041765
2655	0.7440178626	0.607802259
2656	0.7440197627	0.6078005345
2657	0.7440215953	0.6077987877
2658	0.7440228872	0.6077972234
2659	0.7440239146	0.6077955189
2660	0.7440254785	0.6077940287
2661	0.7440272245	0.6077924304
2662	0.744029325	0.6077899015
2663	0.7440300863	0.6077883581
2664	0.7440317682	0.6077864917
2665	0.7440332625	0.6077848534
2666	0.74403498	0.6077831114
2667	0.7440370453	0.6077811459
2668	0.7440384206	0.6077792772
2669	0.7440399515	0.6077775308
2670	0.7440412031	0.607776093
2671	0.7440424851	0.6077747403
2672	0.7440448086	0.6077725565
2673	0.7440468837	0.6077706464
2674	0.7440485202	0.6077689518
2675	0.7440500968	0.6077665858
2676	0.7440518497	0.607764995
2677	0.7440537062	0.6077633435
2678	0.7440557461	0.6077614749
2679	0.7440574714	0.6077597851
2680	0.7440588758	0.6077583419
2681	0.7440599307	0.6077568261
2682	0.7440619748	0.6077548515
2683	0.7440635579	0.6077530867
2684	0.7440647455	0.6077514333
2685	0.7440658806	0.6077494506
2686	0.7440672441	0.6077479299
2687	0.7440682157	0.6077464972
2688	0.7440704413	0.6077445049
2689	0.7440721777	0.6077429012
2690	0.7440737973	0.6077415271
2691	0.7440757596	0.6077397801
2692	0.74407753	0.6077379718
2693	0.7440791774	0.6077360991
2694	0.7440801709	0.6077338955
2695	0.7440814816	0.6077320595
2696	0.7440832191	0.6077304089
2697	0.7440847111	0.6077288201
2698	0.7440869164	0.6077266085
2699	0.7440887241	0.6077249579
2700	0.7440902655	0.6077234275
2701	0.7440920025	0.6077217457
2702	0.7440935623	0.6077203668
2703	0.744096145	0.6077181445
2704	0.7440982576	0.6077164536
2705	0.7440996822	0.6077149252
2706	0.7441017104	0.6077133983
2707	0.7441029487	0.6077120365
2708	0.7441043437	0.6077103055
2709	0.7441054649	0.6077087252
2710	0.7441069912	0.6077071842
2711	0.7441093405	0.6077049451
2712	0.7441107447	0.6077032811
2713	0.7441125053	0.6077015026
2714	0.744114125	0.6076995825
2715	0.7441151023	0.6076973107
2716	0.7441167698	0.6076956646
2717	0.744117343	0.6076933838
2718	0.7441185129	0.6076917895
2719	0.7441203864	0.6076899355
2720	0.7441217422	0.6076884189
2721	0.7441234612	0.6076867902
2722	0.7441252775	0.6076851406
2723	0.7441266391	0.6076827311
2724	0.7441277683	0.607680715
2725	0.744130047	0.6076788913
2726	0.7441319261	0.607677281
2727	0.7441337218	0.6076755902
2728	0.7441356845	0.6076739957
2729	0.7441364128	0.6076725048
2730	0.7441385703	0.6076708108
2731	0.7441405678	0.6076691677
2732	0.7441417089	0.6076677453
2733	0.7441430304	0.6076658293
2734	0.7441440101	0.6076644418
2735	0.7441457053	0.6076630038
2736	0.7441471111	0.6076616057
2737	0.744148789	0.6076598729
2738	0.7441500791	0.6076585812
2739	0.7441517743	0.6076572056
2740	0.7441536142	0.6076557486
2741	0.7441557033	0.6076539953
2742	0.7441568199	0.6076528204
2743	0.7441587493	0.6076512179
2744	0.7441599791	0.6076501305
2745	0.7441608776	0.6076483372
2746	0.7441630318	0.6076464689
2747	0.7441646084	0.6076448204
2748	0.7441671348	0.6076427246
2749	0.7441690324	0.607640972
2750	0.7441702947	0.6076389293
2751	0.7441719045	0.6076372428
2752	0.7441733856	0.6076353053
2753	0.7441744454	0.6076335318
2754	0.7441769691	0.6076315407
2755	0.7441784047	0.6076298232
2756	0.7441792496	0.6076274258
2757	0.7441812122	0.6076258203
2758	0.7441832774	0.6076236937
2759	0.744185178	0.6076218446
2760	0.7441873488	0.6076201937
2761	0.7441890439	0.6076188708
2762	0.7441899025	0.6076170254
2763	0.7441920257	0.6076149864
2764	0.7441939012	0.6076132012
2765	0.7441955112	0.6076115714
2766	0.7441971822	0.6076097805
2767	0.7441997701	0.6076075657
2768	0.7442016086	0.6076058466
2769	0.7442027132	0.6076044804
2770	0.7442039931	0.6076032747
2771	0.7442051034	0.6076016843
2772	0.7442071189	0.6075998213
2773	0.7442090405	0.6075978664
2774	0.7442104095	0.6075965955
2775	0.7442113042	0.6075949752
2776	0.7442129462	0.6075933587
2777	0.7442144209	0.6075919566
2778	0.7442164519	0.6075900275
2779	0.744217943	0.6075884599
2780	0.7442198747	0.6075865443
2781	0.7442212763	0.6075851197
2782	0.7442228704	0.6075836344
2783	0.7442253623	0.6075820643
2784	0.7442271611	0.6075805261
2785	0.7442279649	0.6075787745
2786	0.7442290513	0.6075767338
2787	0.7442309155	0.6075748112
2788	0.7442318961	0.6075733894
2789	0.7442336451	0.6075715915
2790	0.7442351583	0.6075699558
2791	0.7442369063	0.6075681868
2792	0.7442383855	0.6075666235
2793	0.7442402966	0.6075652301
2794	0.744241646	0.6075636027
2795	0.744243268	0.607562151
2796	0.7442446535	0.6075606718
2797	0.7442460909	0.6075591383
2798	0.7442474584	0.6075571338
2799	0.744249342	0.6075553534
2800	0.7442510085	0.6075533383
2801	0.7442520852	0.6075520113
2802	0.7442535726	0.6075500766
2803	0.7442546515	0.607548755
2804	0.7442566635	0.6075469493
2805	0.7442579405	0.6075450856
2806	0.7442595405	0.6075434095
2807	0.744261101	0.6075418774
2808	0.7442625587	0.6075403918
2809	0.7442646047	0.6075390215
2810	0.7442663938	0.6075375025
2811	0.7442675847	0.6075350805
2812	0.7442691618	0.6075337002
2813	0.7442702962	0.6075318522
2814	0.7442713532	0.6075304108
2815	0.7442727559	0.607528848
2816	0.7442742384	0.6075268516
2817	0.7442757927	0.6075251886
2818	0.7442770348	0.6075227775
2819	0.7442790297	0.6075207955
2820	0.7442808419	0.60751917
2821	0.7442819155	0.607517737
2822	0.7442830751	0.6075164924
2823	0.7442852629	0.607514873
2824	0.7442867754	0.6075133545
2825	0.7442888933	0.6075116799
2826	0.7442906517	0.6075101847
2827	0.7442927984	0.6075083214
2828	0.7442945967	0.6075068058
2829	0.7442958731	0.6075053303
2830	0.7442975734	0.6075038229
2831	0.7442994879	0.6075021004
2832	0.744300889	0.6074997749
2833	0.7443020341	0.607498205
2834	0.7443029732	0.6074966152
2835	0.7443046551	0.6074948174
2836	0.7443065015	0.6074931669
2837	0.744307748	0.6074915265
2838	0.744309196	0.6074899583
2839	0.7443109087	0.6074881811
2840	0.744312581	0.6074863662
2841	0.7443147128	0.6074843168
2842	0.7443157344	0.6074826648
2843	0.7443171337	0.6074810291
2844	0.7443190754	0.607479212
2845	0.7443208877	0.6074776748
2846	0.7443224495	0.6074757465
2847	0.7443235893	0.6074742433
2848	0.7443244158	0.6074724194
2849	0.7443259989	0.6074711007
2850	0.7443272969	0.6074699715
2851	0.744329573	0.6074679214
2852	0.7443311182	0.6074661666
2853	0.7443322585	0.6074647836
2854	0.7443333829	0.6074634009
2855	0.7443347319	0.6074618275
2856	0.7443363504	0.607460346
2857	0.7443381148	0.6074586011
2858	0.7443400745	0.6074566205
2859	0.7443419986	0.6074551287
2860	0.744343295	0.6074532078
2861	0.7443450062	0.6074516507
2862	0.7443463821	0.6074501088
2863	0.744348139	0.6074485355
2864	0.7443492411	0.6074469869
2865	0.7443507023	0.6074456345
2866	0.7443522506	0.6074441535
2867	0.7443537695	0.6074427709
2868	0.7443554365	0.6074411532
2869	0.7443568447	0.6074396693
2870	0.7443584145	0.6074382364
2871	0.7443607342	0.6074360614
2872	0.7443626214	0.6074344119
2873	0.7443651442	0.6074322404
2874	0.7443668864	0.6074304577
2875	0.7443685791	0.6074286709
2876	0.7443699206	0.6074269791
2877	0.7443718452	0.6074253169
2878	0.7443730596	0.607424053
2879	0.7443739644	0.6074224732
2880	0.7443754825	0.6074209198
2881	0.7443771804	0.6074193134
2882	0.7443786758	0.6074175997
2883	0.7443807788	0.6074157587
2884	0.7443824735	0.6074141186
2885	0.7443839253	0.6074124503
2886	0.7443858851	0.6074107266
2887	0.7443875957	0.6074091639
2888	0.7443887922	0.6074078055
2889	0.7443901489	0.6074059419
2890	0.7443921191	0.6074041664
2891	0.7443932656	0.6074025509
2892	0.7443948812	0.6074010934
2893	0.7443963835	0.6073998954
2894	0.7443982749	0.607398283
2895	0.7444000903	0.6073966575
2896	0.7444013916	0.6073953845
2897	0.7444039002	0.6073932476
2898	0.7444064729	0.6073910229
2899	0.7444080783	0.6073895409
2900	0.744409597	0.6073882083
2901	0.7444117025	0.6073866854
2902	0.7444131124	0.6073852575
2903	0.7444143978	0.6073836681
2904	0.7444154076	0.6073825169
2905	0.7444168358	0.6073811513
2906	0.7444186129	0.6073793617
2907	0.7444202173	0.6073780418
2908	0.7444222596	0.6073761808
2909	0.7444236878	0.6073743603
2910	0.7444250365	0.6073727942
2911	0.7444270187	0.6073710181
2912	0.7444291882	0.6073691193
2913	0.744430352	0.6073678036
2914	0.7444320601	0.6073664142
2915	0.7444337918	0.6073646077
2916	0.7444355257	0.6073629977
2917	0.7444366766	0.6073616091
2918	0.7444385089	0.6073598042
2919	0.7444403045	0.607358057
2920	0.7444418763	0.6073564602
2921	0.7444438701	0.6073547481
2922	0.7444449359	0.6073533456
2923	0.7444465332	0.6073518255
2924	0.7444480617	0.6073501049
2925	0.7444494121	0.6073486079
2926	0.7444507685	0.6073475445
2927	0.7444521184	0.607345948
2928	0.7444539862	0.6073443026
2929	0.7444551454	0.6073431683
2930	0.7444564595	0.6073413848
2931	0.7444583741	0.6073396493
2932	0.7444599841	0.607337935
2933	0.7444613258	0.6073365252
2934	0.7444628274	0.6073351345
2935	0.744464418	0.6073332115
2936	0.7444656278	0.607331931
2937	0.7444670781	0.6073303215
2938	0.7444686087	0.607329107
2939	0.7444705139	0.6073271703
2940	0.7444715589	0.6073255856
2941	0.7444724682	0.6073240198
2942	0.744473934	0.607322398
2943	0.7444754661	0.6073209813
2944	0.7444768108	0.6073195351
2945	0.7444785115	0.6073179268
2946	0.7444801114	0.6073164201
2947	0.7444824011	0.6073145768
2948	0.7444836328	0.6073126629
2949	0.7444853284	0.6073110823
2950	0.7444866678	0.6073095021
2951	0.7444878653	0.6073080306
2952	0.744489469	0.6073061978
2953	0.7444911397	0.6073046289
2954	0.7444933545	0.6073030004
2955	0.7444950824	0.6073012446
2956	0.7444955217	0.607300108
2957	0.7444969887	0.6072989725
2958	0.744498833	0.6072972138
2959	0.74450062	0.6072956973
2960	0.7445030859	0.6072936069
2961	0.7445041554	0.6072922301
2962	0.7445054905	0.6072905661
2963	0.7445081932	0.6072884339
2964	0.7445095537	0.6072868796
2965	0.7445102311	0.6072854755
2966	0.744511572	0.6072840869
2967	0.744512672	0.6072828414
2968	0.7445143369	0.6072812271
2969	0.7445158946	0.6072799372
2970	0.744516973	0.6072786813
2971	0.744517641	0.6072771095
2972	0.7445189578	0.6072754069
2973	0.7445207388	0.6072738787
2974	0.7445226665	0.6072714956
2975	0.7445238905	0.6072700659
2976	0.7445256108	0.607268644
2977	0.7445269127	0.6072671594
2978	0.7445288696	0.6072653344
2979	0.7445303959	0.6072639234
2980	0.7445320519	0.6072618075
2981	0.744534336	0.607259834
2982	0.7445357507	0.607258495
2983	0.7445377961	0.607256501
2984	0.7445401497	0.6072544301
2985	0.7445415664	0.6072529993
2986	0.7445436117	0.6072511152
2987	0.7445453731	0.607249407
2988	0.7445467867	0.6072481438
2989	0.7445483975	0.6072466304
2990	0.7445500094	0.6072448991
2991	0.7445518405	0.6072430879
2992	0.7445531111	0.6072411613
2993	0.7445552058	0.6072391704
2994	0.7445569227	0.6072375847
2995	0.7445588906	0.6072358658
2996	0.7445605489	0.6072343378
2997	0.7445627791	0.607232328
2998	0.7445644703	0.6072307891
2999	0.7445659016	0.607229076
3000	0.7445680044	0.6072272395
3001	0.7445695119	0.6072256436
3002	0.7445712123	0.6072242243
3003	0.7445723451	0.6072232624
3004	0.7445739845	0.6072217392
3005	0.7445760638	0.6072199413
3006	0.744577494	0.6072186625
3007	0.7445790704	0.6072169418
3008	0.7445806026	0.6072153761
3009	0.7445820372	0.6072139707
3010	0.7445833173	0.6072124656
3011	0.7445851362	0.6072108603
3012	0.744586591	0.6072096618
3013	0.7445881626	0.6072083564
3014	0.7445899297	0.6072068263
3015	0.7445914294	0.6072054886
3016	0.7445926133	0.6072041414
3017	0.7445940118	0.6072027825
3018	0.7445953804	0.6072013276
3019	0.7445966632	0.60720017
3020	0.7445984676	0.6071982394
3021	0.744599662	0.607197006
3022	0.744601329	0.6071957293
3023	0.7446025546	0.6071943148
3024	0.7446041122	0.6071925483
3025	0.7446064104	0.6071907209
3026	0.7446077443	0.6071893899
3027	0.744609097	0.6071878078
3028	0.7446111232	0.6071859342
3029	0.7446120201	0.6071846156
3030	0.744613568	0.6071829183
3031	0.7446149835	0.6071816153
3032	0.7446169828	0.6071799014
3033	0.7446184138	0.6071785004
3034	0.7446201724	0.6071770137
3035	0.744621343	0.607175664
3036	0.7446228652	0.6071742983
3037	0.7446243917	0.6071729773
3038	0.7446260701	0.6071714172
3039	0.7446277005	0.6071700732
3040	0.7446298836	0.607168134
3041	0.7446317202	0.6071666999
3042	0.7446328909	0.607165164
3043	0.744634148	0.6071635148
3044	0.7446356426	0.6071619393
3045	0.7446370478	0.607160362
3046	0.7446383703	0.6071589278
3047	0.7446393666	0.6071577889
3048	0.7446410055	0.6071562636
3049	0.744642041	0.6071550007
3050	0.7446438863	0.607153216
3051	0.7446453325	0.6071517267
3052	0.7446467181	0.6071504908
3053	0.744648543	0.6071489299
3054	0.7446505304	0.6071473237
3055	0.7446522626	0.6071459833
3056	0.7446533615	0.6071444659
3057	0.7446547018	0.6071431501
3058	0.744656073	0.6071417443
3059	0.7446578479	0.6071400827
3060	0.7446597042	0.6071383905
3061	0.7446611045	0.6071370008
3062	0.7446629247	0.6071353379
3063	0.7446647293	0.6071335426
3064	0.7446659623	0.6071319794
3065	0.7446673265	0.6071305064
3066	0.7446689881	0.607128881
3067	0.7446704426	0.607127661
3068	0.7446723288	0.6071261813
3069	0.7446736038	0.6071244485
3070	0.7446752535	0.6071231707
3071	0.7446770892	0.6071217419
3072	0.7446785721	0.6071203592
3073	0.7446803693	0.6071187529
3074	0.7446815168	0.6071174574
3075	0.7446823973	0.6071164774
3076	0.7446837905	0.6071149822
3077	0.7446854344	0.6071131671
3078	0.7446863093	0.6071117706
3079	0.7446877367	0.6071103325
3080	0.744689367	0.607108803
3081	0.7446907837	0.6071075696
3082	0.7446919495	0.6071060688
3083	0.7446940769	0.6071043017
3084	0.7446957109	0.6071022639
3085	0.74469701	0.6071008203
3086	0.7446984623	0.6070994185
3087	0.744699666	0.6070981966
3088	0.7447014008	0.6070965315
3089	0.7447034569	0.6070950357
3090	0.7447048648	0.6070934566
3091	0.7447065494	0.6070919685
3092	0.7447079172	0.607090432
3093	0.7447092744	0.6070893251
3094	0.7447107247	0.6070877976
3095	0.7447123801	0.6070863726
3096	0.7447142701	0.6070849332
3097	0.7447161283	0.6070832406
3098	0.7447175479	0.6070818617
3099	0.7447193885	0.6070800344
3100	0.7447209227	0.6070786798
3101	0.7447220464	0.6070773757
3102	0.7447235565	0.6070761281
3103	0.7447245276	0.6070750046
3104	0.7447258509	0.6070735512
3105	0.7447272655	0.6070725524
3106	0.7447289584	0.6070712533
3107	0.7447305801	0.6070697775
3108	0.7447322894	0.6070683634
3109	0.7447333761	0.6070669729
3110	0.7447351832	0.607065435
3111	0.7447366242	0.6070641591
3112	0.744738136	0.6070621802
3113	0.7447392347	0.607061026
3114	0.7447408071	0.6070597776
3115	0.7447424676	0.6070578612
3116	0.7447434028	0.607056694
3117	0.7447448103	0.6070553548
3118	0.7447474157	0.6070534648
3119	0.7447487405	0.6070520454
3120	0.7447501911	0.6070507512
3121	0.7447519431	0.607049486
3122	0.744754362	0.6070472401
3123	0.7447563707	0.6070454623
3124	0.7447577216	0.6070438962
3125	0.7447588946	0.607042492
3126	0.7447603485	0.6070410971
3127	0.7447619405	0.6070395286
3128	0.7447634169	0.6070380481
3129	0.7447648839	0.6070363877
3130	0.7447660763	0.6070347716
3131	0.7447682056	0.6070329972
3132	0.7447691568	0.6070319607
3133	0.7447702649	0.6070307727
3134	0.744772329	0.6070290778
3135	0.7447733834	0.6070280204
3136	0.7447748996	0.6070266453
3137	0.7447761605	0.6070254392
3138	0.7447774042	0.6070242465
3139	0.7447785736	0.6070230685
3140	0.7447800095	0.6070213682
3141	0.7447819606	0.6070195819
3142	0.7447833494	0.6070180071
3143	0.7447848381	0.607016441
3144	0.7447858779	0.6070151468
3145	0.7447868889	0.6070138434
3146	0.7447880938	0.6070127633
3147	0.7447894725	0.6070114878
3148	0.7447909392	0.6070102352
3149	0.744792107	0.6070090366
3150	0.744794362	0.6070071762
3151	0.7447958423	0.6070056535
3152	0.7447961739	0.6070038482
3153	0.7447974891	0.6070024135
3154	0.7447991756	0.6070008914
3155	0.7448004779	0.6069997552
3156	0.7448016666	0.6069984559
3157	0.7448029931	0.6069970325
3158	0.7448048353	0.6069955573
3159	0.7448067819	0.6069939527
3160	0.7448078858	0.606992787
3161	0.7448098341	0.606991164
3162	0.7448114297	0.6069897713
3163	0.7448129186	0.606988467
3164	0.744814401	0.6069863336
3165	0.7448158303	0.6069847685
3166	0.7448167557	0.6069829178
3167	0.7448175347	0.606981778
3168	0.7448187611	0.6069804972
3169	0.7448204578	0.6069790997
3170	0.7448218801	0.6069780794
3171	0.7448237742	0.6069764671
3172	0.7448252847	0.6069747675
3173	0.7448270598	0.6069732044
3174	0.7448290342	0.60697154
3175	0.7448300466	0.6069699568
3176	0.7448319942	0.60696825
3177	0.7448334257	0.6069668489
3178	0.7448346663	0.6069653572
3179	0.7448359462	0.6069640626
3180	0.7448374417	0.6069628011
3181	0.7448391405	0.6069613379
3182	0.7448409448	0.606959364
3183	0.7448420587	0.6069579527
3184	0.7448435138	0.6069568121
3185	0.7448454993	0.6069547646
3186	0.7448469095	0.6069535645
3187	0.7448482622	0.6069523224
3188	0.7448494061	0.6069509453
3189	0.7448511742	0.606949229
3190	0.7448514163	0.6069482215
3191	0.7448530023	0.6069470049
3192	0.7448542719	0.6069453412
3193	0.7448557262	0.6069437023
3194	0.7448570677	0.6069424027
3195	0.7448580771	0.6069410169
3196	0.74485946	0.6069396619
3197	0.7448608864	0.606938379
3198	0.7448622003	0.6069369603
3199	0.7448639114	0.6069349194
3200	0.7448650997	0.6069336169
3201	0.7448665647	0.6069321343
3202	0.7448679621	0.6069307544
3203	0.7448694189	0.6069292492
3204	0.7448711001	0.6069279083
3205	0.7448729045	0.6069262494
3206	0.7448740397	0.6069249909
3207	0.7448760284	0.6069230128
3208	0.7448772279	0.6069218992
3209	0.7448781652	0.606920794
3210	0.7448799698	0.6069191649
3211	0.7448813975	0.6069175355
3212	0.74488281	0.6069154861
3213	0.7448847628	0.6069137599
3214	0.7448859076	0.6069124049
3215	0.7448876939	0.6069110056
3216	0.7448892493	0.6069095575
3217	0.7448913611	0.6069075792
3218	0.7448926331	0.6069062653
3219	0.7448942824	0.6069048882
3220	0.7448959339	0.6069036635
3221	0.7448971392	0.6069021384
3222	0.7448986603	0.6069007324
3223	0.7449005567	0.6068994079
3224	0.7449017752	0.6068981675
3225	0.744903219	0.6068969515
3226	0.7449055196	0.6068949541
3227	0.7449073875	0.6068934306
3228	0.7449083431	0.6068924344
3229	0.7449097644	0.6068911122
3230	0.7449109363	0.6068896718
3231	0.7449126776	0.606888071
3232	0.7449138121	0.6068869027
3233	0.7449149107	0.6068855851
3234	0.7449156333	0.6068842552
3235	0.7449168492	0.6068830009
3236	0.7449181651	0.6068812627
3237	0.7449201701	0.6068796453
3238	0.7449222046	0.6068781392
3239	0.7449233722	0.6068769348
3240	0.7449250367	0.6068752314
3241	0.7449266413	0.6068738065
3242	0.7449277379	0.606872635
3243	0.7449293423	0.6068709743
3244	0.7449309323	0.606869608
3245	0.7449319974	0.6068681177
3246	0.7449332789	0.6068668282
3247	0.7449345732	0.6068650386
3248	0.7449359589	0.6068636443
3249	0.7449372796	0.6068621568
3250	0.7449385256	0.6068609777
3251	0.7449400305	0.6068595406
3252	0.7449419259	0.6068577834
3253	0.7449434699	0.6068563584
3254	0.7449450716	0.6068543483
3255	0.7449462576	0.6068530111
3256	0.7449475114	0.6068516831
3257	0.744948769	0.6068502611
3258	0.7449501087	0.6068489089
3259	0.7449514038	0.6068477436
3260	0.744952257	0.6068462359
3261	0.7449531068	0.6068444829
3262	0.7449552195	0.6068429104
3263	0.7449569653	0.606841245
3264	0.7449585254	0.6068397764
3265	0.7449594345	0.6068386039
3266	0.7449607214	0.6068374299
3267	0.7449620499	0.606836138
3268	0.7449631589	0.6068345546
3269	0.7449652557	0.6068329495
3270	0.7449672135	0.6068316105
3271	0.7449687995	0.6068301122
3272	0.7449706664	0.6068282722
3273	0.7449717752	0.6068269609
3274	0.744973635	0.6068252662
3275	0.7449748318	0.6068240752
3276	0.7449759624	0.6068229714
3277	0.744977213	0.6068217337
3278	0.7449781998	0.6068206687
3279	0.7449794153	0.6068192346
3280	0.7449803823	0.6068177301
3281	0.7449812617	0.6068167137
3282	0.7449822665	0.6068153261
3283	0.744983836	0.6068139975
3284	0.7449853187	0.6068125599
3285	0.7449860005	0.6068112474
3286	0.7449876088	0.6068098221
3287	0.7449886921	0.6068088041
3288	0.7449902523	0.6068072568
3289	0.7449915352	0.6068058111
3290	0.7449931778	0.6068044103
3291	0.7449954219	0.6068023937
3292	0.7449969183	0.6068011566
3293	0.7449981164	0.6067997546
3294	0.744999549	0.6067982461
3295	0.7450005605	0.6067967721
3296	0.7450018794	0.6067954216
3297	0.7450034258	0.6067940176
3298	0.7450048227	0.6067928512
3299	0.7450067047	0.6067908237
3300	0.7450075711	0.6067895868
3301	0.7450092941	0.6067878863
3302	0.7450102135	0.6067866574
3303	0.7450115687	0.6067851367
3304	0.745012531	0.6067837436
3305	0.7450134358	0.6067824342
3306	0.7450154974	0.6067803317
3307	0.7450167426	0.6067790675
3308	0.7450185548	0.6067774334
3309	0.7450203895	0.6067757921
3310	0.7450213387	0.6067747997
3311	0.7450228198	0.6067733994
3312	0.7450245261	0.606772018
3313	0.7450261825	0.6067706053
3314	0.7450275005	0.6067692046
3315	0.7450294968	0.6067674736
3316	0.7450313796	0.6067658882
3317	0.7450327479	0.6067646298
3318	0.7450342389	0.6067631364
3319	0.7450350918	0.6067619594
3320	0.7450374147	0.6067600668
3321	0.7450389586	0.6067589021
3322	0.7450403738	0.6067574961
3323	0.7450419164	0.6067560265
3324	0.7450435331	0.6067545605
3325	0.7450450163	0.606753338
3326	0.7450463221	0.6067519931
3327	0.7450475523	0.6067502345
3328	0.7450488614	0.6067489164
3329	0.745049956	0.6067474195
3330	0.7450513428	0.6067461698
3331	0.7450521609	0.6067450568
3332	0.7450538833	0.6067435355
3333	0.7450552263	0.6067422644
3334	0.745056849	0.6067403917
3335	0.7450585845	0.6067388513
3336	0.7450602592	0.6067373404
3337	0.7450616737	0.6067356177
3338	0.7450630013	0.6067343794
3339	0.7450644423	0.6067326788
3340	0.7450659252	0.6067313784
3341	0.7450676685	0.6067299139
3342	0.745069345	0.6067283767
3343	0.745070757	0.6067271824
3344	0.7450726919	0.6067256569
3345	0.7450744774	0.6067243045
3346	0.7450753986	0.606723102
3347	0.7450766329	0.6067217995
3348	0.7450777412	0.6067203753
3349	0.74507949	0.6067188208
3350	0.7450807058	0.6067173981
3351	0.745082461	0.6067158883
3352	0.7450838109	0.6067146938
3353	0.7450853672	0.6067131131
3354	0.7450872208	0.6067113189
3355	0.745088237	0.6067101233
3356	0.7450895404	0.6067088492
3357	0.7450908126	0.6067075984
3358	0.7450921673	0.6067060125
3359	0.7450938811	0.6067043015
3360	0.7450956467	0.6067026457
3361	0.7450973201	0.6067008008
3362	0.745098747	0.6066995283
3363	0.7451003272	0.6066981265
3364	0.7451012204	0.6066971717
3365	0.745102725	0.6066955893
3366	0.7451044113	0.6066940993
3367	0.7451062678	0.6066925874
3368	0.745108124	0.6066911727
3369	0.7451097898	0.6066897209
3370	0.7451116087	0.6066882465
3371	0.7451134324	0.6066866213
3372	0.7451144649	0.6066855621
3373	0.7451158197	0.6066843259
3374	0.7451167241	0.6066828598
3375	0.7451187728	0.6066808128
3376	0.7451201111	0.6066795718
3377	0.7451215875	0.6066783784
3378	0.7451229702	0.6066771236
3379	0.7451239752	0.6066760176
3380	0.7451254572	0.6066747583
3381	0.7451268726	0.6066732309
3382	0.7451282634	0.6066715511
3383	0.745130212	0.6066696146
3384	0.7451318154	0.6066682653
3385	0.7451334045	0.6066666084
3386	0.7451349537	0.6066651615
3387	0.7451365173	0.6066637817
3388	0.7451382035	0.6066624265
3389	0.7451402621	0.6066605503
3390	0.7451421269	0.6066590282
3391	0.7451433982	0.6066578514
3392	0.7451448508	0.6066565512
3393	0.7451463375	0.6066553902
3394	0.7451483464	0.6066536601
3395	0.7451494244	0.6066526716
3396	0.7451509046	0.6066511416
3397	0.7451522936	0.6066498906
3398	0.745153697	0.6066482388
3399	0.7451554941	0.6066468579
3400	0.745156778	0.6066454793
3401	0.7451587337	0.6066437427
3402	0.7451603437	0.6066420213
3403	0.7451622796	0.6066406159
3404	0.7451638383	0.6066393514
3405	0.7451652907	0.6066378358
3406	0.7451665685	0.6066367169
3407	0.7451675285	0.6066357545
3408	0.7451690893	0.6066345199
3409	0.7451701698	0.6066331669
3410	0.7451713898	0.6066320594
3411	0.7451728806	0.6066308937
3412	0.7451748121	0.6066291267
3413	0.7451762226	0.606627961
3414	0.7451774272	0.6066268277
3415	0.7451785516	0.6066255228
3416	0.7451793697	0.6066246804
3417	0.7451807601	0.6066234803
3418	0.7451824059	0.6066221564
3419	0.745183821	0.6066209339
3420	0.7451850196	0.6066196483
3421	0.7451864684	0.6066184162
3422	0.7451877307	0.6066173509
3423	0.7451893291	0.6066155027
3424	0.7451906075	0.6066141184
3425	0.745192279	0.6066123689
3426	0.7451942016	0.6066106766
3427	0.7451954149	0.6066093338
3428	0.7451966866	0.6066081503
3429	0.7451980984	0.606606938
3430	0.7451998972	0.6066052987
3431	0.7452013178	0.6066038728
3432	0.7452025517	0.6066010068
3433	0.7452033639	0.6065998577
3434	0.7452046053	0.6065987282
3435	0.745205838	0.6065974448
3436	0.7452075203	0.6065959769
3437	0.7452096378	0.606594196
3438	0.7452105142	0.6065928905
3439	0.745211773	0.6065913404
3440	0.7452133006	0.6065898751
3441	0.7452147598	0.6065885165
3442	0.7452159411	0.6065871785
3443	0.7452178127	0.6065855259
3444	0.7452187862	0.6065842369
3445	0.7452208536	0.6065823636
3446	0.7452226908	0.6065808934
3447	0.7452238968	0.6065793902
3448	0.7452248313	0.6065781866
3449	0.7452264044	0.6065768979
3450	0.7452275373	0.6065753283
3451	0.7452289578	0.6065741104
3452	0.7452306765	0.6065724051
3453	0.7452318599	0.6065714241
3454	0.7452331427	0.606570341
3455	0.7452348428	0.6065690498
3456	0.7452363682	0.6065678284
3457	0.7452373792	0.6065662817
3458	0.7452389259	0.6065649175
3459	0.7452400081	0.6065637445
3460	0.7452412654	0.6065624302
3461	0.7452423538	0.606561302
3462	0.7452437838	0.6065599646
3463	0.7452448571	0.6065586234
3464	0.7452456431	0.6065572539
3465	0.7452471895	0.6065556503
3466	0.7452489534	0.6065541548
3467	0.7452503341	0.6065527583
3468	0.7452515146	0.6065511489
3469	0.7452530691	0.6065497402
3470	0.7452542763	0.6065486965
3471	0.7452554699	0.6065475668
3472	0.745257068	0.6065461647
3473	0.7452578533	0.6065448442
3474	0.74525961	0.6065433224
3475	0.7452609266	0.6065422027
3476	0.7452624041	0.6065408024
3477	0.7452631893	0.6065396998
3478	0.745264598	0.6065385135
3479	0.7452662912	0.6065366457
3480	0.7452674327	0.6065355431
3481	0.7452686909	0.6065335475
3482	0.7452698139	0.6065323147
3483	0.745271337	0.6065310006
3484	0.7452724092	0.6065298624
3485	0.7452734833	0.6065285709
3486	0.7452749419	0.6065274915
3487	0.7452763148	0.6065260879
3488	0.7452775352	0.6065247227
3489	0.7452787362	0.6065230884
3490	0.7452802469	0.6065217959
3491	0.7452815759	0.6065203829
3492	0.7452829198	0.6065189459
3493	0.7452841871	0.606517763
3494	0.7452853978	0.6065163
3495	0.7452866176	0.6065150744
3496	0.7452876215	0.6065137437
3497	0.7452893571	0.6065121792
3498	0.7452915424	0.6065106714
3499	0.7452927572	0.6065095584
3500	0.7452939748	0.6065083164
3501	0.7452950042	0.6065073303
3502	0.7452968606	0.6065057162
3503	0.7452980359	0.6065047115
3504	0.7452998289	0.606503294
3505	0.7453015993	0.6065017324
3506	0.7453033432	0.6065003316
3507	0.7453040994	0.6064992424
3508	0.7453057819	0.6064977889
3509	0.7453079002	0.6064960491
3510	0.7453089999	0.6064950984
3511	0.7453107205	0.6064935815
3512	0.7453119	0.6064921096
3513	0.7453133862	0.6064907549
3514	0.7453152096	0.6064891641
3515	0.7453163981	0.6064879041
3516	0.7453173268	0.6064866864
3517	0.7453175848	0.6064851407
3518	0.7453191865	0.6064831074
3519	0.7453207693	0.6064815068
3520	0.7453222949	0.6064801536
3521	0.7453235778	0.6064789496
3522	0.7453249357	0.6064772245
3523	0.7453264261	0.6064759274
3524	0.7453285534	0.6064742433
3525	0.7453298099	0.6064730068
3526	0.7453310195	0.6064716654
3527	0.7453332352	0.6064700877
3528	0.7453341347	0.6064683846
3529	0.7453355022	0.6064670114
3530	0.7453374411	0.6064651626
3531	0.7453384776	0.6064638788
3532	0.7453392358	0.6064630864
3533	0.7453412387	0.6064613815
3534	0.7453425144	0.6064600412
3535	0.7453432698	0.6064586929
3536	0.7453445371	0.6064574293
3537	0.7453462856	0.606455716
3538	0.7453480272	0.6064542171
3539	0.7453493263	0.6064530393
3540	0.7453502752	0.6064520306
3541	0.7453514426	0.6064508373
3542	0.7453528564	0.606449646
3543	0.7453542062	0.6064481662
3544	0.7453554354	0.6064467492
3545	0.745356795	0.6064456425
3546	0.7453579013	0.6064444677
3547	0.7453596708	0.6064429756
3548	0.745360562	0.6064420426
3549	0.7453621289	0.6064406337
3550	0.7453634261	0.6064395862
3551	0.7453653634	0.6064381218
3552	0.7453668421	0.6064366936
3553	0.7453679945	0.6064354899
3554	0.7453694132	0.6064336963
3555	0.7453706737	0.6064325231
3556	0.7453715479	0.6064313861
3557	0.7453732626	0.6064297471
3558	0.745374115	0.6064286704
3559	0.7453751627	0.6064273091
3560	0.7453763959	0.6064260295
3561	0.7453775457	0.6064248964
3562	0.745379005	0.6064236715
3563	0.7453803309	0.6064225638
3564	0.745381467	0.6064213963
3565	0.7453829731	0.6064200989
3566	0.7453847719	0.6064184924
3567	0.7453861967	0.6064172466
3568	0.7453883335	0.6064156791
3569	0.745389314	0.606414309
3570	0.7453906352	0.6064130051
3571	0.7453918695	0.6064118321
3572	0.745392332	0.6064106648
3573	0.7453935364	0.6064095194
3574	0.7453949541	0.6064081795
3575	0.7453958261	0.6064069448
3576	0.7453971238	0.6064056005
3577	0.745398128	0.6064042968
3578	0.7453997082	0.606402986
3579	0.7454009167	0.6064019319
3580	0.7454019791	0.606400723
3581	0.7454034438	0.6063992849
3582	0.7454048087	0.6063981147
3583	0.7454063294	0.6063967633
3584	0.7454075026	0.6063957959
3585	0.7454089184	0.6063946719
3586	0.7454100994	0.6063934669
3587	0.7454118092	0.6063919101
3588	0.7454131484	0.6063906063
3589	0.7454139732	0.6063897025
3590	0.7454150437	0.6063885957
3591	0.7454169178	0.6063866107
3592	0.7454182516	0.6063853951
3593	0.7454197214	0.6063839795
3594	0.7454212504	0.606382769
3595	0.7454230567	0.6063811827
3596	0.7454243843	0.6063799082
3597	0.7454258667	0.6063780141
3598	0.7454277339	0.6063761912
3599	0.7454290935	0.6063747835
3600	0.7454303644	0.6063735317
3601	0.7454322733	0.6063718979
3602	0.7454331861	0.6063705847
3603	0.7454344048	0.6063694076
3604	0.7454352121	0.6063684542
3605	0.7454365016	0.6063671534
3606	0.7454375007	0.6063658871
3607	0.7454386646	0.6063647678
3608	0.745440208	0.6063633765
3609	0.7454419417	0.6063618065
3610	0.7454431079	0.6063605935
3611	0.7454440693	0.6063593109
3612	0.7454451923	0.6063580493
3613	0.7454468036	0.6063568359
3614	0.7454475721	0.6063552985
3615	0.7454491555	0.6063536699
3616	0.7454501815	0.6063525034
3617	0.7454514809	0.6063510903
3618	0.7454520994	0.6063500595
3619	0.7454535792	0.6063487607
3620	0.745454937	0.6063476047
3621	0.7454562719	0.606345901
3622	0.7454571098	0.6063440915
3623	0.7454584809	0.6063429779
3624	0.7454600528	0.6063416148
3625	0.7454618834	0.6063403695
3626	0.7454641688	0.6063385119
3627	0.7454658041	0.6063369712
3628	0.7454678271	0.6063350437
3629	0.7454694059	0.6063337288
3630	0.7454709916	0.6063324506
3631	0.7454721174	0.6063312675
3632	0.7454746593	0.6063293116
3633	0.7454761005	0.6063280751
3634	0.7454769919	0.606326902
3635	0.7454784508	0.6063254526
3636	0.7454792337	0.6063243005
3637	0.745480509	0.6063231417
3638	0.7454820405	0.6063214816
3639	0.7454837233	0.6063200637
3640	0.7454854361	0.6063186191
3641	0.7454863795	0.6063171981
3642	0.7454875745	0.6063159672
3643	0.7454887386	0.6063147439
3644	0.7454904067	0.606313455
3645	0.7454918218	0.6063119872
3646	0.7454934973	0.6063106293
3647	0.7454956084	0.6063086523
3648	0.7454970262	0.6063073991
3649	0.7454986286	0.6063059723
3650	0.7455002359	0.6063046322
3651	0.7455019987	0.6063031126
3652	0.7455036767	0.6063015479
3653	0.7455050773	0.6063003843
3654	0.7455063666	0.6062993715
3655	0.7455076923	0.6062981394
3656	0.7455081012	0.6062973082
3657	0.7455092507	0.6062962932
3658	0.7455105925	0.6062950729
3659	0.7455117582	0.6062938777
3660	0.74551316	0.6062924037
3661	0.74551424	0.6062913953
3662	0.7455159203	0.6062898029
3663	0.7455170389	0.6062885182
3664	0.7455181057	0.6062872144
3665	0.7455194599	0.60628617
3666	0.7455212858	0.6062846685
3667	0.74552299	0.6062832331
3668	0.7455241029	0.6062822905
3669	0.745525363	0.6062812358
3670	0.7455267567	0.6062796873
3671	0.7455291527	0.6062773626
3672	0.745530359	0.6062760302
3673	0.745531697	0.6062749178
3674	0.7455332686	0.6062735931
3675	0.7455344857	0.6062723122
3676	0.7455359441	0.6062709249
3677	0.7455371591	0.6062695485
3678	0.7455387667	0.6062682339
3679	0.7455403161	0.606266989
3680	0.7455415503	0.6062655273
3681	0.7455423737	0.6062642698
3682	0.7455437864	0.6062629179
3683	0.7455456772	0.6062613368
3684	0.7455472682	0.6062591266
3685	0.7455482132	0.6062578226
3686	0.7455494095	0.6062567955
3687	0.7455507509	0.6062554955
3688	0.7455518416	0.6062541967
3689	0.7455536005	0.6062523229
3690	0.7455554111	0.60625083
3691	0.745556885	0.6062493303
3692	0.7455585457	0.6062479779
3693	0.7455599865	0.6062465973
3694	0.7455608513	0.6062456473
3695	0.745562031	0.606244378
3696	0.745563798	0.6062428397
3697	0.7455649563	0.6062411677
3698	0.7455664522	0.6062399058
3699	0.7455686389	0.6062381735
3700	0.7455698505	0.6062370073
3701	0.7455711147	0.6062359965
3702	0.745572912	0.6062343833
3703	0.7455735468	0.606232521
3704	0.7455745374	0.6062310497
3705	0.7455760506	0.6062297287
3706	0.7455774123	0.6062285954
3707	0.7455783143	0.6062272116
3708	0.7455800853	0.6062257966
3709	0.7455817028	0.6062244082
3710	0.7455831773	0.6062230518
3711	0.7455849442	0.6062215361
3712	0.7455863344	0.6062200623
3713	0.7455879048	0.6062188038
3714	0.7455892676	0.6062172786
3715	0.7455911855	0.6062153573
3716	0.7455929787	0.6062138391
3717	0.7455946655	0.6062123649
3718	0.7455959055	0.6062111742
3719	0.7455975836	0.6062097169
3720	0.7455988158	0.60620822
3721	0.7456002028	0.6062068412
3722	0.7456014943	0.6062056531
3723	0.7456028084	0.606204054
3724	0.7456043092	0.6062026689
3725	0.7456053586	0.6062015289
3726	0.7456069417	0.6062001567
3727	0.7456090183	0.6061983913
3728	0.7456106845	0.6061968859
3729	0.7456120945	0.6061953667
3730	0.7456126669	0.6061935095
3731	0.745614257	0.6061920138
3732	0.7456158743	0.6061905179
3733	0.7456171419	0.6061893581
3734	0.7456186091	0.6061882381
3735	0.7456200648	0.6061870418
3736	0.745621899	0.6061854767
3737	0.7456232437	0.6061842609
3738	0.7456248545	0.6061827329
3739	0.7456268099	0.6061808378
3740	0.7456280483	0.6061796886
3741	0.7456291419	0.6061783055
3742	0.745630993	0.6061769405
3743	0.7456325041	0.6061755036
3744	0.745634105	0.6061742233
3745	0.7456356712	0.6061729003
3746	0.7456369786	0.6061717639
3747	0.7456381103	0.6061706454
3748	0.7456392984	0.6061693733
3749	0.7456407122	0.6061679778
3750	0.7456419499	0.6061669457
3751	0.7456434021	0.6061656449
3752	0.7456448273	0.6061644989
3753	0.7456461507	0.6061633209
3754	0.7456476892	0.6061617724
3755	0.7456490679	0.6061603718
3756	0.7456503764	0.606159047
3757	0.7456519966	0.6061573239
3758	0.7456530454	0.6061558777
3759	0.7456545962	0.606154592
3760	0.7456562219	0.6061531981
3761	0.7456570099	0.6061522248
3762	0.7456584649	0.6061503774
3763	0.7456596041	0.6061492015
3764	0.7456609061	0.6061474725
3765	0.7456626226	0.6061460215
3766	0.7456639562	0.6061444904
3767	0.7456651353	0.6061429254
3768	0.7456659713	0.6061418006
3769	0.7456675274	0.6061401368
3770	0.7456692714	0.606138581
3771	0.74567085	0.6061372644
3772	0.7456721656	0.6061362053
3773	0.7456730394	0.6061352801
3774	0.7456745081	0.6061340463
3775	0.7456760148	0.6061327638
3776	0.7456774537	0.6061313884
3777	0.7456787891	0.6061300355
3778	0.7456800147	0.6061289624
3779	0.7456808394	0.6061272863
3780	0.745681959	0.6061261013
3781	0.7456837027	0.6061244151
3782	0.7456845791	0.6061230785
3783	0.7456860719	0.6061216372
3784	0.7456870477	0.6061206844
3785	0.7456887085	0.6061194641
3786	0.7456901876	0.6061182716
3787	0.745691579	0.6061168465
3788	0.74569359	0.6061150231
3789	0.7456951512	0.606113842
3790	0.7456964986	0.6061127166
3791	0.7456979412	0.6061113077
3792	0.7456989764	0.6061102353
3793	0.7457009608	0.606108614
3794	0.745703015	0.6061070372
3795	0.7457043246	0.6061055982
3796	0.7457054031	0.6061045219
3797	0.7457070431	0.6061032682
3798	0.7457080207	0.6061019192
3799	0.745709632	0.6061007002
3800	0.7457106451	0.6060996968
3801	0.7457122928	0.6060984406
3802	0.7457137316	0.6060973411
3803	0.7457145867	0.606096137
3804	0.7457157248	0.6060950525
3805	0.7457176626	0.6060933839
3806	0.7457191969	0.6060919372
3807	0.745720192	0.6060908984
3808	0.7457215042	0.6060896733
3809	0.7457227041	0.6060886256
3810	0.7457243974	0.6060870672
3811	0.745725825	0.6060857618
3812	0.7457272745	0.6060844965
3813	0.7457290014	0.6060829298
3814	0.7457303503	0.606081621
3815	0.7457315088	0.6060805007
3816	0.7457330924	0.6060791287
3817	0.7457341515	0.6060782438
3818	0.745736272	0.6060765167
3819	0.7457378549	0.606075243
3820	0.745739199	0.6060740331
3821	0.7457399595	0.6060723565
3822	0.7457415474	0.6060708345
3823	0.7457426592	0.6060693452
3824	0.7457441083	0.6060679548
3825	0.7457452473	0.6060671011
3826	0.7457465154	0.6060659348
3827	0.7457476546	0.60606491
3828	0.7457493286	0.6060635307
3829	0.7457511229	0.6060619356
3830	0.7457521093	0.6060606084
3831	0.7457540664	0.6060589966
3832	0.7457559226	0.6060573882
3833	0.7457576423	0.606056085
3834	0.7457584929	0.6060548137
3835	0.7457597591	0.6060535554
3836	0.7457613884	0.6060518733
3837	0.7457625457	0.6060506943
3838	0.7457643056	0.6060494383
3839	0.7457657761	0.6060482934
3840	0.7457672855	0.6060467938
3841	0.7457683134	0.6060457717
3842	0.7457693124	0.6060448486
3843	0.7457703066	0.6060437927
3844	0.7457716045	0.6060425791
3845	0.7457727955	0.6060415171
3846	0.7457734938	0.6060403477
3847	0.7457747135	0.6060393661
3848	0.7457762396	0.6060378899
3849	0.7457777137	0.606036508
3850	0.7457785489	0.6060355238
3851	0.7457798619	0.606034024
3852	0.7457806648	0.6060332204
3853	0.7457819492	0.6060320413
3854	0.7457830249	0.6060305559
3855	0.745784644	0.6060290934
3856	0.745785846	0.6060278707
3857	0.7457871869	0.6060268319
3858	0.7457891649	0.6060252976
3859	0.7457907616	0.6060239189
3860	0.7457922631	0.6060225966
3861	0.7457934943	0.6060215944
3862	0.7457949785	0.6060203088
3863	0.7457961045	0.606019286
3864	0.745797039	0.6060182697
3865	0.7457983541	0.6060171017
3866	0.7457997947	0.6060157241
3867	0.7458007705	0.6060146535
3868	0.745802169	0.6060133208
3869	0.7458031014	0.6060110273
3870	0.745804157	0.6060099263
3871	0.7458050052	0.606009045
3872	0.7458062741	0.6060076779
3873	0.7458075121	0.6060065375
3874	0.7458084617	0.6060055175
3875	0.7458092919	0.6060041667
3876	0.7458107387	0.6060027688
3877	0.7458120895	0.6060015234
3878	0.7458131037	0.6060003061
3879	0.7458144219	0.6059991651
3880	0.7458158379	0.6059973833
3881	0.7458173716	0.6059957257
3882	0.7458187716	0.6059941658
3883	0.7458202794	0.6059928658
3884	0.7458219118	0.6059915957
3885	0.7458228702	0.6059907046
3886	0.7458246115	0.6059888693
3887	0.7458264388	0.6059869207
3888	0.7458276427	0.6059853092
3889	0.7458288148	0.6059843255
3890	0.7458302672	0.6059830055
3891	0.7458319446	0.6059815686
3892	0.7458335556	0.6059801834
3893	0.7458348737	0.605978936
3894	0.745836075	0.6059777759
3895	0.7458374881	0.6059759597
3896	0.7458388733	0.6059747679
3897	0.7458401359	0.605973671
3898	0.7458413146	0.6059725726
3899	0.7458427998	0.6059712049
3900	0.7458444149	0.6059699224
3901	0.7458453196	0.6059688577
3902	0.7458464795	0.6059675465
3903	0.7458473177	0.6059665545
3904	0.7458487354	0.6059649623
3905	0.7458505909	0.6059634143
3906	0.7458518692	0.6059622346
3907	0.7458542256	0.6059602542
3908	0.7458559683	0.6059587119
3909	0.7458570066	0.6059577599
3910	0.7458587228	0.6059563711
3911	0.7458598992	0.6059552642
3912	0.7458612628	0.6059535036
3913	0.7458626897	0.6059521335
3914	0.7458638885	0.6059498763
3915	0.745865828	0.605948342
3916	0.7458670221	0.605947072
3917	0.7458683989	0.6059458172
3918	0.7458693641	0.6059447475
3919	0.7458710877	0.6059431188
3920	0.7458722111	0.6059417155
3921	0.7458740464	0.6059402792
3922	0.7458755324	0.6059388795
3923	0.7458766066	0.6059377748
3924	0.745877672	0.6059366478
3925	0.7458793464	0.6059352832
3926	0.7458809024	0.6059338099
3927	0.7458822699	0.6059326715
3928	0.7458837689	0.6059314182
3929	0.7458851849	0.6059300628
3930	0.7458865115	0.6059289188
3931	0.7458882589	0.605927263
3932	0.7458895373	0.6059261016
3933	0.7458913452	0.6059246209
3934	0.7458928841	0.605923247
3935	0.7458937194	0.6059218994
3936	0.7458947117	0.6059207141
3937	0.7458961922	0.6059193999
3938	0.7458976693	0.6059173628
3939	0.7458994888	0.6059158445
3940	0.7459004183	0.6059148558
3941	0.7459015829	0.6059139768
3942	0.7459036918	0.605912368
3943	0.7459050423	0.6059111736
3944	0.7459060737	0.605910111
3945	0.7459072029	0.6059086658
3946	0.7459079288	0.6059076223
3947	0.7459087657	0.6059064744
3948	0.7459101515	0.6059051348
3949	0.7459115781	0.605903528
3950	0.7459131769	0.605902089
3951	0.745914092	0.6059011308
3952	0.7459152047	0.6058999777
3953	0.7459160206	0.6058989848
3954	0.7459169629	0.6058980317
3955	0.7459184646	0.6058967768
3956	0.7459200776	0.6058953568
3957	0.745921212	0.6058942868
3958	0.7459228519	0.6058928012
3959	0.745924737	0.6058913502
3960	0.7459259846	0.6058902572
3961	0.7459272115	0.6058890188
3962	0.7459286226	0.60588767
3963	0.7459300799	0.6058864322
3964	0.745931709	0.6058849833
3965	0.7459329206	0.6058839153
3966	0.7459342219	0.6058826811
3967	0.7459355996	0.6058814713
3968	0.7459369676	0.6058804603
3969	0.7459386296	0.6058789965
3970	0.7459400288	0.6058776941
3971	0.7459413828	0.6058765675
3972	0.745943177	0.6058750061
3973	0.7459446867	0.6058737379
3974	0.7459458373	0.6058727679
3975	0.7459471305	0.605871384
3976	0.7459488159	0.6058698691
3977	0.7459498913	0.6058686877
3978	0.7459516808	0.6058670751
3979	0.7459530825	0.6058658559
3980	0.7459545751	0.6058645666
3981	0.7459558526	0.6058633248
3982	0.7459572007	0.6058620406
3983	0.745958483	0.6058603643
3984	0.7459598078	0.6058592011
3985	0.7459617027	0.6058574107
3986	0.7459627237	0.6058565492
3987	0.7459640256	0.605855328
3988	0.7459650418	0.6058542938
3989	0.7459669828	0.6058527221
3990	0.7459686478	0.6058510372
3991	0.745970178	0.6058496619
3992	0.7459718033	0.6058483376
3993	0.7459730614	0.6058472259
3994	0.7459743802	0.6058459426
3995	0.7459754346	0.6058443568
3996	0.7459765636	0.6058429514
3997	0.7459777517	0.6058418643
3998	0.7459788851	0.6058406736
3999	0.7459796715	0.6058398461
4000	0.7459809547	0.6058386316
4001	0.7459822894	0.6058372908
4002	0.7459838922	0.6058358811
4003	0.7459852842	0.6058347179
4004	0.7459865012	0.6058337468
4005	0.7459878551	0.6058323153
4006	0.7459891726	0.6058310622
4007	0.7459906318	0.6058297783
4008	0.7459918131	0.6058286353
4009	0.7459932119	0.6058273345
4010	0.7459941567	0.6058261743
4011	0.7459950911	0.6058252864
4012	0.7459970281	0.6058237385
4013	0.7459984615	0.6058225675
4014	0.745998987	0.6058215819
4015	0.7460000336	0.6058205809
4016	0.7460012985	0.6058193975
4017	0.7460029219	0.6058181312
4018	0.7460046516	0.6058166726
4019	0.7460056458	0.6058156617
4020	0.7460068117	0.6058145039
4021	0.7460080361	0.6058132557
4022	0.7460091066	0.6058123486
4023	0.7460104229	0.6058110102
4024	0.746011784	0.6058098528
4025	0.7460126451	0.6058087593
4026	0.7460140201	0.6058074537
4027	0.7460151521	0.6058062542
4028	0.7460168206	0.6058050362
4029	0.7460181757	0.6058035272
4030	0.7460194009	0.6058022011
4031	0.7460209559	0.6058008437
4032	0.7460221224	0.6057999012
4033	0.7460235197	0.6057988494
4034	0.7460252669	0.6057974332
4035	0.7460257013	0.605796318
4036	0.746027039	0.605795098
4037	0.7460286142	0.605793386
4038	0.7460301576	0.6057921159
4039	0.7460314479	0.6057907856
4040	0.7460325968	0.6057897862
4041	0.7460335969	0.6057886771
4042	0.7460349522	0.6057874471
4043	0.7460365057	0.6057858723
4044	0.7460385226	0.6057841854
4045	0.7460401523	0.6057825859
4046	0.7460414107	0.6057814152
4047	0.7460426348	0.6057803474
4048	0.7460436776	0.6057793526
4049	0.7460456176	0.6057777945
4050	0.7460468033	0.6057759701
4051	0.7460483903	0.6057743646
4052	0.7460505691	0.6057725516
4053	0.7460517064	0.6057716
4054	0.746052803	0.6057700788
4055	0.7460540875	0.6057689306
4056	0.7460551424	0.6057677425
4057	0.7460568288	0.6057663441
4058	0.7460583141	0.6057649811
4059	0.7460592671	0.6057637926
4060	0.7460601749	0.6057629612
4061	0.7460613455	0.6057615006
4062	0.7460626195	0.6057602483
4063	0.7460638733	0.6057587529
4064	0.7460653323	0.6057572461
4065	0.7460665982	0.6057560902
4066	0.7460673941	0.6057550319
4067	0.7460691671	0.6057535352
4068	0.7460708017	0.6057519771
4069	0.7460713843	0.6057511797
4070	0.7460727208	0.6057501187
4071	0.7460737098	0.6057490022
4072	0.7460749348	0.6057477651
4073	0.7460755639	0.6057465237
4074	0.7460770229	0.6057452147
4075	0.7460782854	0.6057439762
4076	0.7460797409	0.605742867
4077	0.7460815234	0.6057414406
4078	0.7460823297	0.6057400404
4079	0.7460842402	0.6057382506
4080	0.7460851113	0.6057371896
4081	0.7460862973	0.6057360112
4082	0.7460880236	0.6057343598
4083	0.7460892446	0.6057331043
4084	0.7460906364	0.605731694
4085	0.7460923384	0.6057301668
4086	0.7460932975	0.6057280673
4087	0.7460945017	0.6057269479
4088	0.7460955004	0.6057256916
4089	0.7460969681	0.6057243484
4090	0.7460982971	0.6057232704
4091	0.7460994388	0.6057221266
4092	0.7461014571	0.6057205212
4093	0.7461020096	0.6057193875
4094	0.7461038312	0.6057179076
4095	0.7461049652	0.6057163967
4096	0.7461067947	0.6057149423
4097	0.7461085134	0.6057129976
4098	0.7461099458	0.6057117546
4099	0.7461114052	0.605710619
4100	0.7461124211	0.6057094905
4101	0.7461134438	0.6057083616
4102	0.7461147775	0.60570703
4103	0.7461158428	0.6057060471
4104	0.7461168939	0.6057050661
4105	0.7461178969	0.6057040404
4106	0.7461193296	0.6057028828
4107	0.7461207392	0.6057016629
4108	0.7461225408	0.6057001102
4109	0.7461239477	0.6056988367
4110	0.7461243032	0.6056978862
4111	0.7461257859	0.6056963237
4112	0.7461268528	0.6056954468
4113	0.7461278941	0.6056945493
4114	0.7461298084	0.6056926537
4115	0.7461311272	0.6056913828
4116	0.746132027	0.6056905456
4117	0.7461335229	0.6056890262
4118	0.7461345347	0.6056880901
4119	0.7461367458	0.6056864616
4120	0.7461376025	0.6056846938
4121	0.7461392464	0.6056831816
4122	0.7461403924	0.6056820916
4123	0.7461417129	0.6056807606
4124	0.7461424887	0.6056796878
4125	0.7461436834	0.6056784014
4126	0.74614499	0.605677211
4127	0.7461462041	0.6056758961
4128	0.7461476519	0.6056745404
4129	0.7461490443	0.6056731385
4130	0.7461503805	0.6056719756
4131	0.7461517727	0.6056707107
4132	0.7461527481	0.6056697017
4133	0.7461535629	0.6056687661
4134	0.746154112	0.6056670142
4135	0.7461555939	0.6056654465
4136	0.7461568356	0.6056645492
4137	0.7461586106	0.605663148
4138	0.7461599111	0.60566173
4139	0.7461610212	0.6056602904
4140	0.7461620973	0.6056592441
4141	0.7461636268	0.6056578893
4142	0.7461652152	0.6056561837
4143	0.7461665177	0.6056549534
4144	0.7461679781	0.60565377
4145	0.7461698303	0.6056521383
4146	0.7461711492	0.6056510856
4147	0.7461726259	0.6056496843
4148	0.7461742711	0.6056482894
4149	0.7461754798	0.6056470382
4150	0.7461764409	0.6056460436
4151	0.7461777045	0.6056445726
4152	0.7461785743	0.6056433596
4153	0.7461799624	0.605641839
4154	0.7461807382	0.6056407654
4155	0.7461820753	0.6056395274
4156	0.7461837976	0.6056381077
4157	0.7461853608	0.6056368404
4158	0.7461869965	0.605635125
4159	0.7461879033	0.6056341836
4160	0.7461894851	0.6056327394
4161	0.7461907108	0.6056315665
4162	0.7461918151	0.6056304345
4163	0.7461927298	0.605629235
4164	0.7461940892	0.6056276208
4165	0.7461951315	0.6056266288
4166	0.7461967437	0.6056253016
4167	0.7461977016	0.6056243418
4168	0.7461990291	0.6056229396
4169	0.7461997442	0.6056211575
4170	0.7462010537	0.6056198765
4171	0.7462024218	0.6056186539
4172	0.7462036542	0.605617171
4173	0.7462052597	0.6056159245
4174	0.7462064357	0.6056146411
4175	0.7462074509	0.6056132198
4176	0.7462088471	0.6056119466
4177	0.7462095986	0.605611009
4178	0.7462107219	0.6056098334
4179	0.7462121759	0.605608616
4180	0.7462135258	0.6056071447
4181	0.7462144816	0.6056062218
4182	0.7462156728	0.6056050864
4183	0.7462170076	0.6056038316
4184	0.7462182423	0.6056024453
4185	0.7462192016	0.605601204
4186	0.7462206112	0.6055997806
4187	0.7462217296	0.6055987888
4188	0.7462231128	0.6055974845
4189	0.7462242697	0.605596158
4190	0.7462253577	0.6055950449
4191	0.7462265914	0.6055939885
4192	0.746227908	0.6055924289
4193	0.7462290027	0.6055914483
4194	0.7462300205	0.6055904016
4195	0.7462314146	0.6055890297
4196	0.7462327739	0.6055879837
4197	0.74623413	0.6055868201
4198	0.746235442	0.6055855637
4199	0.746236529	0.6055843462
4200	0.7462373249	0.605583665
4201	0.7462383707	0.6055821537
4202	0.7462390296	0.6055801979
4203	0.7462402417	0.605578356
4204	0.7462413954	0.6055770972
4205	0.7462426349	0.6055754572
4206	0.7462441416	0.6055742023
4207	0.7462452622	0.6055728785
4208	0.7462466836	0.6055716088
4209	0.7462486788	0.6055699092
4210	0.7462500285	0.6055686393
4211	0.7462518911	0.6055670384
4212	0.7462525107	0.6055662121
4213	0.7462539731	0.6055648658
4214	0.7462550713	0.60556352
4215	0.7462562322	0.6055624936
4216	0.7462578494	0.6055612933
4217	0.7462590075	0.6055598975
4218	0.7462603524	0.6055587252
4219	0.7462618112	0.6055576098
4220	0.7462629287	0.6055564045
4221	0.7462635664	0.6055549837
4222	0.7462643278	0.6055540004
4223	0.7462654751	0.6055525827
4224	0.7462667646	0.6055515784
4225	0.7462679352	0.6055503915
4226	0.7462698764	0.6055489212
4227	0.7462712416	0.605547647
4228	0.74627236	0.6055467375
4229	0.7462736671	0.6055454843
4230	0.7462757455	0.6055437633
4231	0.7462770805	0.6055425232
4232	0.7462780803	0.6055414503
4233	0.7462794135	0.6055402503
4234	0.746281724	0.6055383281
4235	0.7462832661	0.6055371017
4236	0.7462843128	0.6055359521
4237	0.7462860304	0.6055345845
4238	0.7462872186	0.6055335046
4239	0.74628831	0.6055324654
4240	0.7462897673	0.6055308985
4241	0.7462910864	0.6055296116
4242	0.7462926124	0.6055278627
4243	0.7462937926	0.6055267641
4244	0.7462951707	0.6055257409
4245	0.7462966697	0.6055242048
4246	0.7462980762	0.6055228766
4247	0.74629886	0.6055213813
4248	0.7463006066	0.6055197935
4249	0.746302235	0.6055184786
4250	0.7463033991	0.6055172273
4251	0.7463045053	0.6055161312
4252	0.7463059501	0.6055146125
4253	0.7463073693	0.6055135103
4254	0.7463084801	0.6055125679
4255	0.7463098535	0.6055113292
4256	0.7463111843	0.6055101322
4257	0.7463132319	0.6055081706
4258	0.7463147087	0.6055069273
4259	0.746315857	0.6055058099
4260	0.7463167488	0.6055044686
4261	0.7463177378	0.605503145
4262	0.7463190637	0.6055018819
4263	0.7463201425	0.6055002114
4264	0.7463213366	0.6054990618
4265	0.7463227547	0.6054979694
4266	0.7463243055	0.6054965621
4267	0.7463252376	0.6054955569
4268	0.7463266361	0.6054940653
4269	0.7463279579	0.6054928474
4270	0.7463293852	0.6054915939
4271	0.7463302335	0.6054905781
4272	0.7463313012	0.6054896237
4273	0.746332858	0.6054881712
4274	0.7463336635	0.6054871689
4275	0.7463349289	0.605485423
4276	0.7463358872	0.6054843699
4277	0.7463367621	0.6054829023
4278	0.7463379767	0.6054818334
4279	0.746339218	0.6054807407
4280	0.7463399508	0.6054798695
4281	0.7463413011	0.6054786735
4282	0.7463425035	0.6054770937
4283	0.7463437542	0.6054751299
4284	0.7463454768	0.6054736812
4285	0.7463470618	0.6054718266
4286	0.7463485089	0.6054705949
4287	0.7463493779	0.6054696311
4288	0.7463510939	0.6054681815
4289	0.7463522324	0.6054668216
4290	0.7463538051	0.6054653934
4291	0.74635547	0.6054640252
4292	0.7463562209	0.6054632774
4293	0.7463570697	0.6054619577
4294	0.7463582881	0.6054608854
4295	0.7463599471	0.605459467
4296	0.746361434	0.6054580025
4297	0.746362798	0.6054567429
4298	0.7463637716	0.6054551691
4299	0.7463655445	0.6054534567
4300	0.7463670832	0.6054521219
4301	0.7463689808	0.6054502688
4302	0.7463693456	0.6054491317
4303	0.7463707192	0.6054479322
4304	0.7463723935	0.6054465826
4305	0.7463736337	0.605445561
4306	0.7463752709	0.6054440734
4307	0.7463768491	0.6054428191
4308	0.74637815	0.6054415641
4309	0.746379417	0.6054403925
4310	0.746380398	0.6054393645
4311	0.7463811654	0.6054383081
4312	0.7463818148	0.6054375104
4313	0.7463834062	0.6054364568
4314	0.7463847639	0.6054347545
4315	0.7463861878	0.6054335222
4316	0.7463876782	0.6054320932
4317	0.7463886967	0.6054310721
4318	0.7463907768	0.6054293613
4319	0.7463918483	0.6054283878
4320	0.7463931698	0.6054271191
4321	0.7463939852	0.6054262707
4322	0.7463949538	0.605425276
4323	0.7463964679	0.6054239201
4324	0.7463979292	0.6054227483
4325	0.7463989042	0.6054218296
4326	0.7464003917	0.605420632
4327	0.7464019409	0.6054191505
4328	0.7464033073	0.6054173978
4329	0.7464044562	0.6054163453
4330	0.7464062568	0.6054148075
4331	0.7464074859	0.6054134785
4332	0.7464084266	0.6054124614
4333	0.7464094454	0.6054112611
4334	0.746410985	0.6054098986
4335	0.746412898	0.6054082741
4336	0.7464141787	0.6054070087
4337	0.7464155568	0.6054058095
4338	0.74641711	0.6054044754
4339	0.7464182582	0.6054034462
4340	0.7464194064	0.6054022803
4341	0.7464205221	0.6054008031
4342	0.7464219028	0.6053995625
4343	0.7464230875	0.6053985784
4344	0.7464241851	0.6053976236
4345	0.7464259937	0.6053959666
4346	0.7464270563	0.6053949357
4347	0.7464290149	0.6053934287
4348	0.7464297148	0.6053925215
4349	0.7464306688	0.6053916284
4350	0.7464319468	0.6053905185
4351	0.7464334078	0.6053892261
4352	0.7464349521	0.6053876613
4353	0.7464365284	0.6053863371
4354	0.7464382994	0.6053845677
4355	0.746439857	0.6053833133
4356	0.7464411231	0.6053820309
4357	0.7464420426	0.605381087
4358	0.7464433106	0.6053799459
4359	0.7464446975	0.6053785465
4360	0.7464462303	0.605377379
4361	0.7464476253	0.6053760467
4362	0.7464487075	0.6053749909
4363	0.746450434	0.6053734302
4364	0.746452015	0.6053721668
4365	0.7464535612	0.6053709126
4366	0.7464549664	0.6053696678
4367	0.7464561731	0.6053683734
4368	0.7464575338	0.6053672013
4369	0.7464586256	0.6053661657
4370	0.746459361	0.6053651848
4371	0.746460734	0.6053639051
4372	0.746462139	0.6053626669
4373	0.7464634324	0.6053615857
4374	0.7464653532	0.6053602218
4375	0.7464665599	0.6053590811
4376	0.7464679965	0.6053578608
4377	0.7464695203	0.6053566448
4378	0.7464708836	0.6053552001
4379	0.7464722359	0.6053538983
4380	0.7464734995	0.6053528238
4381	0.7464754176	0.6053511313
4382	0.7464766663	0.605350116
4383	0.7464777126	0.6053487402
4384	0.7464794029	0.6053470343
4385	0.7464808766	0.6053458817
4386	0.7464823385	0.6053447896
4387	0.7464838326	0.6053432148
4388	0.7464855619	0.6053415118
4389	0.7464864499	0.6053405995
4390	0.7464876032	0.6053394328
4391	0.7464886649	0.6053383169
4392	0.7464905488	0.6053368041
4393	0.7464919222	0.605335474
4394	0.746493498	0.6053340273
4395	0.7464942797	0.6053331025
4396	0.7464964505	0.6053312561
4397	0.7464977132	0.6053297799
4398	0.7464987102	0.6053288167
4399	0.7465001313	0.6053275221
4400	0.7465008819	0.6053265982
4401	0.7465021521	0.6053252922
4402	0.7465033508	0.6053242502
4403	0.7465053144	0.6053227281
4404	0.7465060325	0.6053218343
4405	0.7465075502	0.6053205542
4406	0.7465089156	0.6053192894
4407	0.7465101671	0.6053181616
4408	0.7465119039	0.6053167594
4409	0.7465132992	0.6053157074
4410	0.7465145467	0.6053145978
4411	0.7465152359	0.6053136763
4412	0.7465167831	0.6053123921
4413	0.7465179214	0.6053111936
4414	0.7465187347	0.6053103131
4415	0.746520089	0.6053091364
4416	0.746521304	0.6053078168
4417	0.7465223331	0.6053068995
4418	0.7465233942	0.6053057912
4419	0.7465253358	0.6053042161
4420	0.7465264381	0.6053030924
4421	0.7465277717	0.60530199
4422	0.7465295859	0.60530044
4423	0.7465304855	0.6052995245
4424	0.7465316591	0.6052984122
4425	0.7465331815	0.6052970233
4426	0.7465344019	0.6052956044
4427	0.7465354232	0.6052943751
4428	0.7465368545	0.6052934186
4429	0.7465378875	0.6052919782
4430	0.7465395437	0.6052905758
4431	0.7465409666	0.6052894632
4432	0.7465425379	0.6052879806
4433	0.7465438806	0.6052869115
4434	0.7465452629	0.6052854192
4435	0.746546662	0.6052844787
4436	0.7465481916	0.6052830725
4437	0.7465498551	0.6052817226
4438	0.7465509698	0.6052803301
4439	0.7465520999	0.6052790462
4440	0.7465533193	0.6052779573
4441	0.746554862	0.6052766058
4442	0.7465559962	0.6052753553
4443	0.7465572466	0.6052741599
4444	0.746558006	0.6052730221
4445	0.7465597619	0.6052713204
4446	0.7465613971	0.6052697367
4447	0.7465628737	0.6052685352
4448	0.7465644018	0.6052673128
4449	0.7465655986	0.6052663569
4450	0.7465670699	0.6052650132
4451	0.7465685657	0.6052635915
4452	0.746569691	0.6052617092
4453	0.746570656	0.6052606979
4454	0.7465716574	0.6052599158
4455	0.7465727025	0.6052590975
4456	0.7465743519	0.6052575431
4457	0.7465755405	0.605256383
4458	0.746576833	0.605255031
4459	0.7465780655	0.6052536479
4460	0.7465790063	0.6052527037
4461	0.746580029	0.6052517522
4462	0.7465813359	0.6052506297
4463	0.7465823902	0.6052494226
4464	0.7465836146	0.6052482889
4465	0.7465851375	0.6052469366
4466	0.7465862295	0.6052457139
4467	0.7465877329	0.6052442592
4468	0.7465892017	0.6052429897
4469	0.7465902405	0.6052421856
4470	0.7465909699	0.6052410672
4471	0.7465922605	0.6052395248
4472	0.7465931475	0.6052385063
4473	0.7465947882	0.6052371984
4474	0.7465961889	0.6052360564
4475	0.7465977272	0.6052346675
4476	0.7465991055	0.6052334798
4477	0.7466004697	0.6052321995
4478	0.7466018128	0.6052309132
4479	0.7466033424	0.6052295613
4480	0.7466049057	0.6052281977
4481	0.7466061765	0.6052269867
4482	0.7466079158	0.6052254445
4483	0.7466094453	0.6052242285
4484	0.746610584	0.6052232295
4485	0.7466118207	0.6052220541
4486	0.7466129323	0.6052208738
4487	0.7466147664	0.6052194965
4488	0.7466163244	0.6052180348
4489	0.7466175657	0.6052168751
4490	0.7466188137	0.6052154382
4491	0.7466203015	0.6052141716
4492	0.746621758	0.6052128748
4493	0.7466230501	0.6052116861
4494	0.7466245271	0.6052101921
4495	0.7466261782	0.6052086546
4496	0.7466280765	0.6052072986
4497	0.7466285723	0.6052056186
4498	0.7466301427	0.6052043417
4499	0.7466316513	0.6052030632
4500	0.746633436	0.6052017212
4501	0.7466345612	0.6052006803
4502	0.7466357293	0.6051994327
4503	0.7466368224	0.6051983559
4504	0.746638247	0.6051969959
4505	0.7466393795	0.605195871
4506	0.746640515	0.6051945945
4507	0.7466417769	0.6051934055
4508	0.7466429368	0.6051917187
4509	0.7466437049	0.6051900369
4510	0.7466453695	0.6051887172
4511	0.746646791	0.6051873295
4512	0.7466480665	0.6051861268
4513	0.7466495166	0.6051850812
4514	0.7466509194	0.605183869
4515	0.7466522471	0.6051826451
4516	0.7466532732	0.6051814887
4517	0.7466547622	0.6051800547
4518	0.7466564203	0.6051784719
4519	0.7466579907	0.6051768839
4520	0.7466597049	0.6051753451
4521	0.7466613595	0.6051740977
4522	0.7466623729	0.6051729034
4523	0.7466639582	0.6051713364
4524	0.746665507	0.6051699698
4525	0.7466667066	0.6051687713
4526	0.7466681678	0.6051672242
4527	0.746669393	0.605166081
4528	0.7466708076	0.6051645874
4529	0.7466717813	0.6051626061
4530	0.7466728722	0.6051616283
4531	0.7466744819	0.6051599953
4532	0.7466754864	0.6051589395
4533	0.7466766101	0.6051580206
4534	0.7466780809	0.605156734
4535	0.7466790241	0.6051553953
4536	0.7466799305	0.6051543813
4537	0.7466808474	0.6051531876
4538	0.7466823205	0.6051519471
4539	0.7466837634	0.6051505772
4540	0.7466852672	0.6051493363
4541	0.7466866644	0.605147979
4542	0.7466880567	0.6051467933
4543	0.7466902215	0.6051450917
4544	0.7466913766	0.605143931
4545	0.7466928494	0.6051424106
4546	0.7466939598	0.6051413663
4547	0.7466953625	0.6051401081
4548	0.7466966807	0.6051387026
4549	0.7466978666	0.6051376254
4550	0.7466989834	0.605136642
4551	0.7467004821	0.6051353806
4552	0.7467018495	0.6051341356
4553	0.7467031652	0.6051325771
4554	0.7467041149	0.6051316117
4555	0.7467053089	0.6051305718
4556	0.7467061403	0.6051293585
4557	0.7467071114	0.6051285195
4558	0.7467084538	0.6051274532
4559	0.7467100149	0.6051260403
4560	0.7467111229	0.6051250331
4561	0.7467124675	0.605123801
4562	0.7467136798	0.6051226043
4563	0.746714919	0.6051214886
4564	0.7467167106	0.6051201642
4565	0.7467183724	0.6051188251
4566	0.7467199472	0.6051174199
4567	0.7467209592	0.6051164583
4568	0.7467226057	0.6051151791
4569	0.7467241206	0.6051137004
4570	0.7467256335	0.6051122387
4571	0.7467274797	0.6051107954
4572	0.7467282133	0.6051099623
4573	0.746729412	0.6051089613
4574	0.7467304298	0.6051079714
4575	0.7467317134	0.6051063276
4576	0.7467327298	0.6051053247
4577	0.7467341329	0.6051039831
4578	0.7467354501	0.6051027422
4579	0.7467364877	0.6051015322
4580	0.7467374122	0.6051004794
4581	0.7467385431	0.6050993763
4582	0.7467391676	0.6050984534
4583	0.7467406425	0.6050969585
4584	0.7467416759	0.60509602
4585	0.7467435926	0.6050942106
4586	0.7467447936	0.6050928856
4587	0.7467460212	0.6050917721
4588	0.7467469967	0.6050909385
4589	0.746747685	0.6050902494
4590	0.7467490151	0.6050889968
4591	0.746750489	0.6050875165
4592	0.7467518547	0.6050862566
4593	0.7467527775	0.6050850516
4594	0.7467545657	0.6050836256
4595	0.7467561797	0.6050822746
4596	0.7467573726	0.6050809717
4597	0.7467585794	0.6050797577
4598	0.7467597847	0.6050784653
4599	0.7467602554	0.6050777859
4600	0.7467610977	0.6050768696
4601	0.7467619799	0.6050759317
4602	0.7467628046	0.6050748968
4603	0.7467638752	0.6050738282
4604	0.7467652242	0.6050724876
4605	0.7467668387	0.60507107
4606	0.7467677694	0.6050700592
4607	0.7467688736	0.6050688396
4608	0.7467704042	0.6050674614
4609	0.7467716764	0.605066278
4610	0.7467739358	0.6050645812
4611	0.7467747604	0.6050634231
4612	0.7467761471	0.605062203
4613	0.7467771515	0.6050609146
4614	0.7467779647	0.6050597893
4615	0.7467793747	0.6050586678
4616	0.7467802447	0.6050577045
4617	0.7467815793	0.6050565968
4618	0.7467832968	0.6050553546
4619	0.7467846239	0.6050542054
4620	0.7467855478	0.6050532695
4621	0.7467865517	0.6050523056
4622	0.7467883794	0.6050506574
4623	0.7467896873	0.6050493591
4624	0.7467905841	0.605048562
4625	0.7467910645	0.6050476277
4626	0.7467927264	0.6050462896
4627	0.7467934846	0.6050455595
4628	0.7467948103	0.6050445456
4629	0.7467961909	0.6050433532
4630	0.7467977033	0.6050420703
4631	0.7467989252	0.6050406925
4632	0.7468002831	0.6050397315
4633	0.7468013136	0.6050387108
4634	0.7468022616	0.6050377328
4635	0.7468028292	0.6050369575
4636	0.7468038289	0.605035215
4637	0.746804893	0.6050340073
4638	0.7468061698	0.6050327094
4639	0.746807184	0.6050316487
4640	0.7468087686	0.6050303708
4641	0.7468100788	0.6050293758
4642	0.7468112574	0.6050282476
4643	0.7468126127	0.6050269967
4644	0.746813829	0.6050255234
4645	0.7468143661	0.6050246537
4646	0.7468159409	0.6050233207
4647	0.746817351	0.6050216852
4648	0.7468187794	0.6050204044
4649	0.7468200041	0.6050192554
4650	0.7468213857	0.6050180749
4651	0.7468232277	0.605016725
4652	0.7468246237	0.6050155554
4653	0.7468260532	0.6050143066
4654	0.7468274756	0.6050130648
4655	0.7468285859	0.6050118326
4656	0.746830227	0.6050103558
4657	0.7468311967	0.6050092721
4658	0.7468321384	0.6050081093
4659	0.7468334388	0.6050070223
4660	0.7468346359	0.6050059344
4661	0.7468356375	0.6050045558
4662	0.7468369555	0.6050033325
4663	0.7468384703	0.605001753
4664	0.7468397206	0.6050006772
4665	0.7468412138	0.6049994262
4666	0.7468424741	0.6049982206
4667	0.7468432913	0.6049971973
4668	0.7468443522	0.6049959063
4669	0.7468458133	0.6049942616
4670	0.7468470313	0.6049931624
4671	0.7468486327	0.6049916254
4672	0.7468502112	0.6049903231
4673	0.7468524979	0.6049883804
4674	0.7468547903	0.6049865154
4675	0.7468560595	0.604985354
4676	0.7468577274	0.6049837912
4677	0.7468586914	0.6049825773
4678	0.7468597062	0.6049816007
4679	0.7468611542	0.6049804178
4680	0.7468624867	0.6049793377
4681	0.7468635954	0.6049782442
4682	0.7468657733	0.6049766558
4683	0.7468669644	0.6049758199
4684	0.7468686575	0.6049743004
4685	0.7468695754	0.6049732154
4686	0.7468712382	0.6049717649
4687	0.7468729264	0.6049703994
4688	0.7468740168	0.6049693695
4689	0.7468756325	0.6049680257
4690	0.7468767609	0.6049666245
4691	0.7468785929	0.6049651588
4692	0.7468801859	0.6049638628
4693	0.7468817682	0.6049624069
4694	0.7468830603	0.6049611816
4695	0.7468842672	0.6049596924
4696	0.7468854564	0.604958542
4697	0.7468867605	0.6049572531
4698	0.7468881053	0.6049561642
4699	0.7468894473	0.6049550014
4700	0.746890438	0.6049539522
4701	0.7468921769	0.6049522177
4702	0.7468938153	0.6049507737
4703	0.7468951998	0.6049493325
4704	0.746896498	0.6049481169
4705	0.746897738	0.6049470887
4706	0.7468990858	0.6049458968
4707	0.7469002187	0.6049449821
4708	0.7469020174	0.6049435688
4709	0.7469030968	0.6049425136
4710	0.7469043644	0.6049409165
4711	0.7469058412	0.6049396818
4712	0.7469071912	0.6049384532
4713	0.7469088088	0.6049371009
4714	0.746910143	0.6049361027
4715	0.7469115116	0.6049348285
4716	0.7469128345	0.604933709
4717	0.7469143801	0.6049324639
4718	0.7469153893	0.6049315115
4719	0.7469165603	0.6049300598
4720	0.7469181698	0.6049286798
4721	0.7469193599	0.6049275916
4722	0.7469207313	0.6049263709
4723	0.7469220693	0.6049251865
4724	0.7469237035	0.6049239159
4725	0.7469247493	0.6049228816
4726	0.7469258721	0.6049215107
4727	0.7469271788	0.604919706
4728	0.7469285148	0.6049186655
4729	0.746929459	0.6049177143
4730	0.7469305673	0.6049165503
4731	0.74693156	0.6049153217
4732	0.7469327275	0.604914347
4733	0.7469338529	0.6049133809
4734	0.7469345078	0.6049123121
4735	0.7469358244	0.6049110935
4736	0.7469371369	0.6049096805
4737	0.7469386929	0.604907894
4738	0.7469401012	0.6049066543
4739	0.7469418724	0.6049050288
4740	0.7469432467	0.6049038945
4741	0.7469442424	0.6049028985
4742	0.7469455895	0.6049016973
4743	0.7469467363	0.6049006855
4744	0.7469478536	0.6048996046
4745	0.7469490126	0.6048985267
4746	0.7469500472	0.604897545
4747	0.7469510667	0.6048967183
4748	0.746951995	0.6048960223
4749	0.7469531557	0.6048949736
4750	0.7469550655	0.6048933835
4751	0.7469563827	0.6048920056
4752	0.7469572298	0.6048913087
4753	0.746958495	0.6048898667
4754	0.7469596407	0.6048882766
4755	0.7469608807	0.6048869971
4756	0.7469625293	0.6048855907
4757	0.7469634657	0.6048846254
4758	0.7469649318	0.6048832938
4759	0.7469663183	0.6048820019
4760	0.7469675072	0.6048807591
4761	0.7469684659	0.6048798172
4762	0.7469698872	0.6048784362
4763	0.7469706969	0.6048775998
4764	0.7469717444	0.6048763775
4765	0.7469728703	0.6048753319
4766	0.7469740147	0.6048740719
4767	0.7469754833	0.6048729798
4768	0.7469763992	0.6048719522
4769	0.7469773884	0.6048707352
4770	0.7469786709	0.6048695071
4771	0.7469797129	0.6048683914
4772	0.7469810757	0.6048671496
4773	0.746982549	0.6048658303
4774	0.7469834172	0.6048649805
4775	0.7469845452	0.6048639503
4776	0.7469858564	0.6048627408
4777	0.7469861259	0.6048619602
4778	0.746987374	0.6048608778
4779	0.7469884527	0.6048598939
4780	0.7469898907	0.6048584034
4781	0.746990736	0.6048573329
4782	0.7469923716	0.6048558362
4783	0.7469937425	0.6048543164
4784	0.7469949353	0.6048531896
4785	0.7469961147	0.6048520205
4786	0.7469974959	0.6048507907
4787	0.7469985308	0.6048498421
4788	0.7470000137	0.6048484996
4789	0.7470009098	0.6048476359
4790	0.7470019569	0.6048466839
4791	0.7470031708	0.6048455123
4792	0.7470050244	0.604843549
4793	0.7470061682	0.6048423077
4794	0.7470075943	0.6048411834
4795	0.7470087226	0.60483985
4796	0.7470096071	0.6048390233
4797	0.7470101796	0.6048375774
4798	0.7470116499	0.6048362453
4799	0.7470124873	0.6048347831
4800	0.7470140613	0.6048333779
4801	0.7470149382	0.6048324133
4802	0.7470163398	0.6048310044
4803	0.747017237	0.6048300624
4804	0.7470192785	0.6048282854
4805	0.7470205654	0.6048271064
4806	0.7470221322	0.6048258421
4807	0.7470231511	0.6048249426
4808	0.7470245384	0.604823835
4809	0.7470255419	0.6048226568
4810	0.7470273627	0.6048212603
4811	0.7470280285	0.6048203019
4812	0.7470294747	0.6048191381
4813	0.7470312536	0.6048176504
4814	0.7470322916	0.6048166114
4815	0.7470337819	0.6048148516
4816	0.7470352655	0.6048135051
4817	0.7470359581	0.6048127625
4818	0.747036794	0.6048117412
4819	0.7470376835	0.6048108007
4820	0.7470391112	0.6048094366
4821	0.7470402874	0.604808398
4822	0.7470419189	0.604806936
4823	0.7470434561	0.6048056976
4824	0.7470444543	0.6048047031
4825	0.7470456816	0.6048035518
4826	0.7470465763	0.6048018468
4827	0.7470481623	0.6048003065
4828	0.7470492834	0.6047991398
4829	0.7470502607	0.6047981565
4830	0.7470518024	0.6047968037
4831	0.7470533798	0.6047954984
4832	0.7470549559	0.60479426
4833	0.7470559876	0.6047933926
4834	0.7470571105	0.6047923134
4835	0.7470586044	0.6047905184
4836	0.7470600594	0.6047891924
4837	0.7470616762	0.6047879415
4838	0.7470628891	0.6047868741
4839	0.7470644303	0.6047856222
4840	0.7470653879	0.604784587
4841	0.7470665806	0.604783305
4842	0.7470679257	0.6047820823
4843	0.7470695242	0.6047806619
4844	0.7470708209	0.604779532
4845	0.7470722829	0.604778088
4846	0.747073556	0.6047769235
4847	0.7470752986	0.6047755272
4848	0.7470765729	0.6047743897
4849	0.7470780576	0.6047729426
4850	0.7470790583	0.6047719401
4851	0.7470800043	0.6047709762
4852	0.7470813676	0.6047696268
4853	0.7470824987	0.6047686543
4854	0.7470836693	0.6047674443
4855	0.7470846622	0.6047666215
4856	0.7470856741	0.6047655978
4857	0.7470866785	0.6047645042
4858	0.7470882298	0.6047633738
4859	0.7470899243	0.6047621126
4860	0.7470909372	0.6047609661
4861	0.7470923418	0.6047598096
4862	0.7470934797	0.604758625
4863	0.7470944288	0.6047578384
4864	0.747094821	0.6047566602
4865	0.7470960584	0.6047555135
4866	0.7470971101	0.6047542067
4867	0.7470986105	0.6047529413
4868	0.7470999458	0.6047515502
4869	0.7471020286	0.6047498368
4870	0.7471034545	0.6047483376
4871	0.7471050104	0.6047468614
4872	0.7471066436	0.6047455433
4873	0.7471080771	0.6047440987
4874	0.7471094795	0.604742825
4875	0.7471111688	0.6047414973
4876	0.7471126627	0.6047400261
4877	0.7471138828	0.6047388686
4878	0.7471152831	0.604737637
4879	0.7471167762	0.6047364762
4880	0.7471177685	0.6047351905
4881	0.7471187709	0.6047337926
4882	0.7471206561	0.6047322384
4883	0.7471224017	0.6047307881
4884	0.7471236306	0.6047297504
4885	0.7471248917	0.6047285667
4886	0.7471260501	0.6047272373
4887	0.7471279343	0.6047256448
4888	0.7471288949	0.6047247849
4889	0.7471299829	0.6047237536
4890	0.7471307958	0.6047226405
4891	0.7471318644	0.6047214708
4892	0.7471332576	0.6047199845
4893	0.7471344885	0.6047185668
4894	0.7471361532	0.6047172351
4895	0.7471380239	0.6047158059
4896	0.7471392926	0.6047147311
4897	0.7471404687	0.6047136462
4898	0.7471420597	0.6047123443
4899	0.7471431229	0.6047112755
4900	0.7471444252	0.6047100271
4901	0.747145332	0.6047089209
4902	0.7471466373	0.6047075735
4903	0.7471479335	0.6047066345
4904	0.7471491388	0.6047052048
4905	0.7471507221	0.6047038529
4906	0.7471521076	0.6047026491
4907	0.7471535785	0.6047013942
4908	0.7471539313	0.6046993733
4909	0.7471552008	0.604698302
4910	0.7471566412	0.6046970424
4911	0.747157817	0.6046952888
4912	0.7471594984	0.6046939254
4913	0.7471608473	0.6046926958
4914	0.7471619377	0.6046917572
4915	0.7471627775	0.6046909506
4916	0.747164222	0.6046896656
4917	0.74716592	0.6046882426
4918	0.7471671547	0.6046870705
4919	0.7471690321	0.6046855108
4920	0.7471698592	0.6046844085
4921	0.7471709464	0.6046835482
4922	0.747172098	0.6046822733
4923	0.7471730248	0.6046812904
4924	0.7471741085	0.6046803112
4925	0.7471748388	0.6046795651
4926	0.7471759867	0.6046785327
4927	0.7471774946	0.604677214
4928	0.7471790205	0.604675944
4929	0.7471808339	0.6046745289
4930	0.7471817169	0.6046736037
4931	0.7471830079	0.6046723445
4932	0.7471844241	0.6046712914
4933	0.7471857871	0.6046698759
4934	0.7471867726	0.6046689314
4935	0.7471883046	0.604667692
4936	0.7471900011	0.6046663975
4937	0.747191743	0.6046650206
4938	0.7471934647	0.6046636635
4939	0.7471947226	0.6046622819
4940	0.7471962196	0.6046609568
4941	0.7471978294	0.6046593712
4942	0.7471987829	0.6046581965
4943	0.7472002246	0.604656984
4944	0.7472010877	0.6046560971
4945	0.747202318	0.6046550148
4946	0.7472033735	0.6046540183
4947	0.74720472	0.6046528134
4948	0.7472058537	0.6046517671
4949	0.7472074216	0.6046503536
4950	0.7472088805	0.6046490085
4951	0.7472109766	0.6046475117
4952	0.7472123019	0.6046463076
4953	0.7472134011	0.6046452483
4954	0.747215089	0.6046440525
4955	0.7472164058	0.6046428043
4956	0.7472174153	0.6046417163
4957	0.7472188024	0.6046405756
4958	0.7472200756	0.6046394294
4959	0.7472215276	0.6046381697
4960	0.7472223845	0.6046370608
4961	0.7472242369	0.6046354582
4962	0.7472256221	0.6046341177
4963	0.7472270392	0.6046327025
4964	0.7472287533	0.6046313484
4965	0.7472299449	0.6046303325
4966	0.7472307577	0.6046292531
4967	0.747231689	0.6046283476
4968	0.7472332925	0.6046269244
4969	0.7472349624	0.6046255189
4970	0.7472364723	0.6046242939
4971	0.7472378619	0.6046230942
4972	0.7472387029	0.6046220587
4973	0.7472399875	0.6046210497
4974	0.74724133	0.6046199357
4975	0.7472429629	0.6046186819
4976	0.7472439099	0.6046176081
4977	0.747245381	0.6046162248
4978	0.7472469625	0.6046150725
4979	0.747248572	0.6046137323
4980	0.7472494522	0.6046127072
4981	0.7472508962	0.6046115302
4982	0.7472513936	0.6046105734
4983	0.7472525838	0.6046093601
4984	0.7472539752	0.6046080747
4985	0.7472546914	0.6046070741
4986	0.7472560816	0.6046058455
4987	0.747257112	0.6046049945
4988	0.7472584251	0.6046038648
4989	0.7472590538	0.6046020843
4990	0.7472598663	0.6046004517
4991	0.7472611349	0.6045992188
4992	0.7472624274	0.6045981982
4993	0.7472642352	0.604596742
4994	0.7472647691	0.604595991
4995	0.7472659608	0.6045948616
4996	0.7472673365	0.6045938939
4997	0.7472685442	0.6045929086
4998	0.7472697335	0.604591736
4999	0.7472712152	0.6045902673
5000	0.7472732193	0.6045886017
5001	0.7472745445	0.6045874795
5002	0.7472759776	0.6045861779
5003	0.7472769454	0.6045849408
5004	0.7472778665	0.6045841248
5005	0.7472788592	0.6045832171
5006	0.7472795895	0.6045818512
5007	0.7472813875	0.6045804356
5008	0.7472827455	0.6045792027
5009	0.7472835748	0.6045784912
5010	0.7472850112	0.6045770795
5011	0.7472864015	0.6045754461
5012	0.7472876927	0.6045743435
5013	0.7472888077	0.6045732547
5014	0.7472897744	0.6045723814
5015	0.7472910926	0.6045711645
5016	0.7472919252	0.6045698415
5017	0.7472930718	0.6045687893
5018	0.7472951467	0.6045672884
5019	0.7472963798	0.6045660643
5020	0.7472977088	0.6045650186
5021	0.7472990378	0.6045636233
5022	0.7473004244	0.6045624664
5023	0.7473014229	0.6045616148
5024	0.7473028811	0.6045603644
5025	0.7473041137	0.6045589672
5026	0.7473059684	0.6045574221
5027	0.7473069984	0.604556272
5028	0.7473081599	0.6045552553
5029	0.7473095835	0.6045540411
5030	0.7473107343	0.6045529415
5031	0.7473119808	0.604551038
5032	0.7473133117	0.6045499132
5033	0.7473145412	0.6045486527
5034	0.7473157517	0.6045474372
5035	0.7473167227	0.6045455546
5036	0.7473184208	0.6045442184
5037	0.7473199937	0.6045428417
5038	0.7473211544	0.6045416495
5039	0.7473221737	0.6045406857
5040	0.7473236245	0.6045394517
5041	0.7473246695	0.6045384453
5042	0.7473259121	0.6045372734
5043	0.7473274962	0.6045358917
5044	0.7473289399	0.6045344521
5045	0.747330364	0.6045331812
5046	0.7473318395	0.6045319732
5047	0.7473333945	0.6045306226
5048	0.7473342809	0.6045296903
5049	0.7473353794	0.6045281937
5050	0.7473364777	0.6045270414
5051	0.7473375137	0.6045258208
5052	0.7473386313	0.6045247569
5053	0.7473400284	0.6045234753
5054	0.7473414553	0.6045224024
5055	0.7473423156	0.6045215724
5056	0.7473431807	0.6045205863
5057	0.7473445101	0.6045194167
5058	0.7473460848	0.6045181578
5059	0.747347692	0.6045169141
5060	0.7473487472	0.6045157563
5061	0.7473498408	0.6045147184
5062	0.747350936	0.6045131572
5063	0.7473526001	0.6045113019
5064	0.7473535601	0.6045101977
5065	0.7473548357	0.6045088455
5066	0.747356059	0.6045075985
5067	0.7473572746	0.6045064901
5068	0.7473588112	0.604505208
5069	0.7473606999	0.6045037091
5070	0.747362063	0.6045024925
5071	0.7473637569	0.6045007268
5072	0.7473648739	0.604499806
5073	0.7473661821	0.6044986678
5074	0.7473675918	0.6044974669
5075	0.7473692198	0.6044958505
5076	0.747369758	0.6044945173
5077	0.7473709902	0.6044933933
5078	0.7473721645	0.604492268
5079	0.7473733048	0.6044912615
5080	0.7473744956	0.6044902247
5081	0.7473754638	0.6044891629
5082	0.7473764181	0.6044883418
5083	0.7473773096	0.6044874327
5084	0.7473785306	0.6044862681
5085	0.7473804114	0.604484914
5086	0.7473819714	0.6044836249
5087	0.7473832661	0.6044824343
5088	0.747384293	0.6044814492
5089	0.7473852743	0.604480474
5090	0.7473873319	0.604478704
5091	0.7473881186	0.6044778274
5092	0.7473889947	0.6044770786
5093	0.7473907005	0.6044756496
5094	0.7473920572	0.6044745284
5095	0.7473929208	0.6044735499
5096	0.7473942718	0.6044722768
5097	0.7473952523	0.6044713444
5098	0.7473961504	0.6044704327
5099	0.7473975331	0.60446934
5100	0.7473987993	0.6044684218
5101	0.7474002075	0.6044671637
5102	0.747401186	0.6044660299
5103	0.7474022482	0.604465108
5104	0.7474037592	0.6044637673
5105	0.7474053228	0.6044624035
5106	0.7474069838	0.6044610065
5107	0.7474078268	0.6044598924
5108	0.7474091275	0.6044587519
5109	0.7474102827	0.6044575436
5110	0.7474111961	0.6044564959
5111	0.7474122854	0.6044553165
5112	0.747413455	0.604454107
5113	0.7474146345	0.6044529891
5114	0.7474161293	0.6044517189
5115	0.7474169504	0.6044502806
5116	0.7474177586	0.6044494456
5117	0.7474186426	0.6044482304
5118	0.7474198817	0.6044470662
5119	0.7474216175	0.6044457546
5120	0.7474227494	0.6044446632
5121	0.7474239071	0.6044434591
5122	0.7474247876	0.6044426309
5123	0.7474259157	0.6044412995
5124	0.7474267978	0.6044404234
5125	0.7474279914	0.6044392346
5126	0.747429178	0.6044383409
5127	0.7474302979	0.6044372565
5128	0.7474316366	0.6044360067
5129	0.7474328011	0.6044348491
5130	0.7474345788	0.6044333856
5131	0.7474356214	0.6044320912
5132	0.7474372821	0.6044307093
5133	0.7474389635	0.6044292315
5134	0.7474404888	0.6044278746
5135	0.7474419583	0.6044268829
5136	0.7474442634	0.6044251324
5137	0.7474457707	0.6044230514
5138	0.7474466835	0.6044219191
5139	0.7474480091	0.6044207749
5140	0.7474494496	0.6044196387
5141	0.7474506269	0.6044186087
5142	0.7474518445	0.6044175413
5143	0.7474533465	0.6044164065
5144	0.7474544824	0.6044151345
5145	0.7474558306	0.6044141369
5146	0.7474568093	0.6044131266
5147	0.7474579754	0.6044122171
5148	0.7474593923	0.6044108741
5149	0.7474602911	0.6044101977
5150	0.7474615742	0.6044089999
5151	0.747462559	0.6044079992
5152	0.747463996	0.6044068717
5153	0.7474654793	0.6044056036
5154	0.7474669863	0.6044043956
5155	0.7474685539	0.6044030713
5156	0.747469728	0.6044018514
5157	0.7474711682	0.6044006115
5158	0.7474725024	0.6043994247
5159	0.7474731987	0.6043985501
5160	0.7474744219	0.6043974076
5161	0.7474757628	0.604396149
5162	0.7474769491	0.6043949713
5163	0.7474783471	0.6043937347
5164	0.747480171	0.6043922105
5165	0.7474813661	0.6043912322
5166	0.7474819723	0.6043892795
5167	0.7474833117	0.6043876834
5168	0.7474845913	0.6043866349
5169	0.747485851	0.604385442
5170	0.7474869628	0.6043845278
5171	0.7474877517	0.6043828175
5172	0.7474890322	0.6043815746
5173	0.7474898319	0.6043796693
5174	0.7474913192	0.6043784167
5175	0.7474926894	0.604377287
5176	0.7474939001	0.6043760767
5177	0.7474947455	0.6043748153
5178	0.7474961525	0.6043734267
5179	0.7474975998	0.6043720819
5180	0.747498599	0.604370846
5181	0.7474997703	0.6043698175
5182	0.7475007485	0.6043687472
5183	0.7475021972	0.6043676003
5184	0.7475034431	0.6043665034
5185	0.7475045093	0.6043655338
5186	0.747506353	0.6043641763
5187	0.7475081465	0.604362819
5188	0.7475097539	0.6043613566
5189	0.7475108424	0.6043602676
5190	0.7475116655	0.6043584004
5191	0.7475124364	0.6043575019
5192	0.7475138249	0.6043561136
5193	0.7475153212	0.604354996
5194	0.7475161338	0.6043534586
5195	0.7475174474	0.6043523001
5196	0.7475189938	0.6043512182
5197	0.747520607	0.6043497583
5198	0.747522182	0.6043485146
5199	0.7475233821	0.6043474385
5200	0.7475244408	0.6043465012
5201	0.7475263637	0.6043450394
5202	0.7475276039	0.6043440273
5203	0.7475285257	0.6043429723
5204	0.747529913	0.6043413829
5205	0.7475309505	0.6043403925
5206	0.7475321688	0.6043392922
5207	0.7475331937	0.6043377769
5208	0.7475340836	0.6043367274
5209	0.7475350557	0.604335832
5210	0.7475371835	0.6043340426
5211	0.7475383794	0.6043329329
5212	0.7475395018	0.6043318454
5213	0.7475403654	0.6043307349
5214	0.7475412486	0.6043296038
5215	0.7475426085	0.6043285172
5216	0.7475439534	0.6043272118
5217	0.7475452958	0.6043260479
5218	0.7475461747	0.6043251444
5219	0.7475472561	0.6043241307
5220	0.7475484606	0.604323299
5221	0.7475498183	0.604322235
5222	0.7475511108	0.6043212658
5223	0.747552438	0.6043201244
5224	0.7475535511	0.6043185495
5225	0.7475549209	0.6043173583
5226	0.7475561009	0.6043160038
5227	0.7475572545	0.6043148908
5228	0.7475584935	0.6043138051
5229	0.7475595243	0.6043128518
5230	0.7475610463	0.6043113725
5231	0.7475621793	0.6043100495
5232	0.7475632505	0.6043086855
5233	0.7475645459	0.6043075329
5234	0.7475657724	0.6043065432
5235	0.7475673479	0.6043053087
5236	0.7475689214	0.6043038937
5237	0.7475700365	0.604302998
5238	0.7475714219	0.6043017732
5239	0.7475724042	0.6043007301
5240	0.7475736855	0.6042996579
5241	0.7475750497	0.6042985926
5242	0.7475768819	0.6042972172
5243	0.7475782232	0.6042958309
5244	0.7475797145	0.6042943886
5245	0.7475807507	0.6042931324
5246	0.7475817256	0.6042922025
5247	0.747582685	0.604291395
5248	0.7475839749	0.6042904208
5249	0.7475855861	0.6042889799
5250	0.747586662	0.6042875049
5251	0.7475879247	0.6042864366
5252	0.7475888375	0.6042855188
5253	0.7475905256	0.6042841051
5254	0.7475918046	0.6042829388
5255	0.7475934139	0.6042817634
5256	0.7475947107	0.6042805786
5257	0.7475955462	0.6042796601
5258	0.7475971531	0.6042783395
5259	0.7475990061	0.6042768401
5260	0.7476003957	0.6042756642
5261	0.7476028292	0.6042736943
5262	0.7476044145	0.6042721193
5263	0.7476053882	0.6042710665
5264	0.7476066479	0.6042700108
5265	0.7476076743	0.6042688881
5266	0.7476086223	0.6042678245
5267	0.7476096664	0.6042669921
5268	0.7476108898	0.6042658215
5269	0.7476121561	0.6042648423
5270	0.7476139057	0.6042634635
5271	0.7476151278	0.6042622676
5272	0.7476163712	0.6042610811
5273	0.7476174739	0.6042600511
5274	0.7476188427	0.6042589335
5275	0.7476203601	0.6042576207
5276	0.7476214105	0.6042563799
5277	0.7476221684	0.604255578
5278	0.7476237281	0.6042544221
5279	0.747625364	0.6042530597
5280	0.7476267101	0.6042520295
5281	0.7476282943	0.6042505794
5282	0.7476298488	0.6042494019
5283	0.7476310475	0.6042482847
5284	0.7476324156	0.6042470559
5285	0.7476338474	0.6042460027
5286	0.7476348079	0.6042449348
5287	0.7476360066	0.6042437788
5288	0.7476374277	0.6042418318
5289	0.7476390846	0.6042401306
5290	0.7476402387	0.6042389274
5291	0.7476414967	0.6042376982
5292	0.7476421916	0.6042370481
5293	0.7476434881	0.6042360561
5294	0.7476443117	0.6042352263
5295	0.7476452717	0.6042342731
5296	0.747646383	0.604233374
5297	0.7476473055	0.604232458
5298	0.7476485447	0.6042314452
5299	0.7476497251	0.604230348
5300	0.7476508998	0.60422892
5301	0.7476522481	0.604227783
5302	0.7476532383	0.6042266008
5303	0.7476549581	0.6042250662
5304	0.7476563449	0.604223751
5305	0.7476576036	0.6042227256
5306	0.7476588356	0.6042214192
5307	0.7476595856	0.604220518
5308	0.7476612327	0.604218861
5309	0.7476622433	0.6042176078
5310	0.7476632623	0.6042160516
5311	0.7476645528	0.6042146295
5312	0.7476656276	0.604213444
5313	0.7476668875	0.6042123153
5314	0.7476688112	0.6042106857
5315	0.7476698432	0.604209728
5316	0.7476713235	0.6042084344
5317	0.7476728223	0.604207025
5318	0.7476738881	0.6042056336
5319	0.7476754127	0.6042043427
5320	0.7476764615	0.6042033971
5321	0.7476771562	0.6042021152
5322	0.7476789601	0.6042005609
5323	0.747680688	0.6041991545
5324	0.7476820513	0.6041978585
5325	0.7476830633	0.6041968167
5326	0.7476839716	0.6041959394
5327	0.7476851012	0.6041949059
5328	0.7476861558	0.6041939372
5329	0.7476874192	0.6041925558
5330	0.7476881116	0.6041918667
5331	0.7476894192	0.6041906793
5332	0.7476907532	0.6041894648
5333	0.7476923346	0.6041881978
5334	0.7476936449	0.6041869605
5335	0.7476950962	0.6041858721
5336	0.7476963598	0.6041846733
5337	0.7476979089	0.6041831394
5338	0.7476989955	0.6041821189
5339	0.7477010436	0.6041804034
5340	0.7477027634	0.6041790161
5341	0.7477042858	0.6041777783
5342	0.7477054215	0.6041767358
5343	0.7477067943	0.6041756908
5344	0.747708037	0.6041744799
5345	0.7477094104	0.6041732431
5346	0.7477109813	0.6041719319
5347	0.7477123982	0.6041705739
5348	0.7477142227	0.6041688647
5349	0.7477148414	0.6041676763
5350	0.7477160043	0.6041665212
5351	0.7477172604	0.604165051
5352	0.7477182617	0.6041639416
5353	0.7477194648	0.6041628037
5354	0.747720512	0.6041615266
5355	0.747721694	0.6041605503
5356	0.7477231444	0.6041593249
5357	0.7477247381	0.6041579593
5358	0.7477260407	0.6041566364
5359	0.7477275538	0.6041553994
5360	0.7477287371	0.604154351
5361	0.7477306502	0.604152765
5362	0.7477320666	0.6041515363
5363	0.747733104	0.6041505363
5364	0.7477338808	0.6041493999
5365	0.7477356813	0.6041479755
5366	0.7477370156	0.6041467482
5367	0.7477383172	0.6041457873
5368	0.7477394189	0.6041447491
5369	0.7477408018	0.6041436147
5370	0.7477419693	0.6041424187
5371	0.7477427495	0.6041414634
5372	0.7477438383	0.6041404816
5373	0.7477447019	0.6041388984
5374	0.7477460061	0.6041377581
5375	0.7477477733	0.6041363819
5376	0.7477489219	0.6041352459
5377	0.7477498011	0.6041342852
5378	0.7477511205	0.6041331757
5379	0.7477520015	0.6041321711
5380	0.747753825	0.6041304633
5381	0.7477547446	0.6041291745
5382	0.7477560317	0.6041280313
5383	0.7477569542	0.6041271286
5384	0.7477583429	0.6041259355
5385	0.7477598474	0.6041246028
5386	0.7477606741	0.6041234675
5387	0.7477623458	0.6041221388
5388	0.7477632251	0.6041213843
5389	0.7477643122	0.6041204277
5390	0.7477655243	0.6041192077
5391	0.7477669103	0.6041179393
5392	0.7477677834	0.6041169891
5393	0.7477689081	0.6041160646
5394	0.7477697442	0.6041152034
5395	0.7477708254	0.6041142166
5396	0.747771887	0.604113258
5397	0.7477727974	0.604112131
5398	0.7477747825	0.6041105638
5399	0.7477760654	0.604109356
5400	0.7477774284	0.6041081939
5401	0.7477791544	0.6041066603
5402	0.7477802256	0.6041055083
5403	0.7477817714	0.6041043611
5404	0.7477828211	0.6041031628
5405	0.7477838693	0.604102172
5406	0.7477848562	0.6041012436
5407	0.7477865343	0.6040998064
5408	0.7477877671	0.6040987881
5409	0.7477889674	0.6040977693
5410	0.7477898713	0.6040967965
5411	0.7477913443	0.6040956702
5412	0.7477923065	0.6040948623
5413	0.7477937805	0.6040937012
5414	0.7477945765	0.6040923157
5415	0.7477954082	0.6040914747
5416	0.7477967646	0.6040890471
5417	0.7477978456	0.6040880141
5418	0.7477993627	0.6040868412
5419	0.7478002543	0.6040858363
5420	0.7478013438	0.6040847527
5421	0.7478022052	0.6040839288
5422	0.7478038505	0.6040822311
5423	0.7478046141	0.6040814662
5424	0.7478059229	0.6040803411
5425	0.747807466	0.6040791121
5426	0.7478083341	0.6040780533
5427	0.747809023	0.6040769117
5428	0.7478104333	0.604075578
5429	0.7478118235	0.6040744037
5430	0.7478133442	0.6040731131
5431	0.7478146651	0.6040719578
5432	0.7478165792	0.6040704354
5433	0.7478178688	0.6040691905
5434	0.747818915	0.604068158
5435	0.7478195201	0.6040669932
5436	0.7478209395	0.6040655061
5437	0.7478219205	0.6040645753
5438	0.7478232135	0.6040635462
5439	0.7478246286	0.6040623995
5440	0.7478255437	0.6040614713
5441	0.7478267431	0.6040604225
5442	0.7478273726	0.6040596211
5443	0.7478283427	0.6040586645
5444	0.7478299255	0.604057342
5445	0.7478315277	0.6040559583
5446	0.7478329247	0.6040548497
5447	0.7478344015	0.6040534365
5448	0.7478352488	0.6040519946
5449	0.7478369224	0.6040505287
5450	0.7478380947	0.6040494737
5451	0.7478391775	0.6040484343
5452	0.747840553	0.6040471429
5453	0.7478418979	0.604045768
5454	0.747842634	0.6040442158
5455	0.747843903	0.6040432327
5456	0.7478449806	0.6040419254
5457	0.7478460213	0.6040407777
5458	0.7478469784	0.6040399237
5459	0.7478480693	0.6040384633
5460	0.7478495954	0.6040370027
5461	0.7478505616	0.6040361397
5462	0.7478516325	0.6040350888
5463	0.7478529835	0.6040340044
5464	0.7478543489	0.6040327841
5465	0.7478558379	0.6040315362
5466	0.7478575047	0.6040301018
5467	0.7478584951	0.6040290373
5468	0.7478597041	0.6040277367
5469	0.747860719	0.6040264636
5470	0.7478622824	0.6040251688
5471	0.7478639476	0.6040238692
5472	0.7478648688	0.6040228959
5473	0.7478664788	0.6040213958
5474	0.7478671811	0.6040206095
5475	0.7478685559	0.6040192972
5476	0.7478699459	0.6040184116
5477	0.7478712149	0.6040171402
5478	0.7478722581	0.6040160927
5479	0.7478738316	0.6040148423
5480	0.7478749567	0.6040135939
5481	0.7478761514	0.6040126174
5482	0.7478775065	0.6040113801
5483	0.7478782929	0.6040101428
5484	0.7478793058	0.6040089843
5485	0.7478805715	0.6040077214
5486	0.7478816771	0.6040064034
5487	0.7478830242	0.604005042
5488	0.7478845714	0.6040037393
5489	0.7478855089	0.6040027734
5490	0.7478869478	0.6040014089
5491	0.7478881608	0.6040003769
5492	0.7478893981	0.6039992966
5493	0.7478906133	0.6039980687
5494	0.7478917606	0.6039969898
5495	0.7478933703	0.603995625
5496	0.7478951074	0.6039938008
5497	0.7478964234	0.6039923521
5498	0.7478972758	0.6039915863
5499	0.7478987497	0.6039902899
